512 5145
0 5 12101
0 9 24279
0 24 4488
0 71 6338
0 111 21957
0 118 19290
0 141 11067
0 169 9941
0 191 22881
0 254 23380
0 292 14304
0 357 25873
0 428 4958
0 442 10218
0 473 20547
1 76 12172
1 188 28207
1 243 18570
1 276 14654
1 350 24205
1 460 10686
2 117 28531
2 162 11383
2 218 31208
2 223 2530
2 227 29166
2 261 5357
2 295 114
2 337 5698
2 394 7207
2 417 27188
2 422 32663
2 455 6969
2 486 18517
3 7 18380
3 162 5647
3 164 27170
3 192 14213
3 211 31397
3 261 19440
3 304 17118
3 387 9051
3 399 18057
3 425 2533
3 455 9837
3 457 14940
3 465 24632
3 502 5952
4 26 4990
4 48 16824
4 75 29095
4 128 27029
4 218 25632
4 247 10146
4 292 226
4 314 31187
4 337 31464
4 376 17449
4 386 7139
4 482 23555
5 119 27210
5 145 14815
5 187 25851
5 200 4966
5 225 4974
5 269 19873
5 329 3475
5 351 26589
5 436 377
5 489 19852
6 16 28551
6 122 17019
6 165 19220
6 248 7660
6 303 4714
6 367 4770
6 422 5613
6 451 26791
6 510 28527
7 38 21378
7 201 22897
7 221 18094
7 238 26305
7 264 25212
7 311 29204
7 316 16564
7 369 29863
7 372 211
7 437 21494
7 494 6820
7 510 17036
8 2 29254
8 9 1840
8 155 16730
8 197 25932
8 269 27715
8 276 5765
8 286 29010
8 401 17539
8 402 2194
9 110 25935
9 116 2782
9 123 19093
9 138 11379
9 199 13729
9 218 5962
9 249 16998
9 252 13339
9 255 19640
9 271 32268
9 315 203
9 346 15779
9 370 1578
9 392 28643
9 422 14452
9 432 17450
9 441 9898
9 470 29683
10 15 19200
10 84 116
10 178 6284
10 254 10828
10 269 24881
10 312 16831
10 315 3710
10 340 7744
10 373 8738
10 423 6760
10 485 23360
11 7 5881
11 30 8412
11 203 24610
11 373 3441
11 440 25602
11 506 30592
12 104 9302
12 117 21203
12 226 5464
12 345 18265
12 483 15016
13 12 19595
13 81 22692
13 285 17831
13 354 29139
13 470 25970
14 18 17100
14 44 16936
14 88 32128
14 224 29131
14 238 14733
14 289 2688
14 370 1887
15 63 22642
15 93 14595
15 107 19916
15 175 4474
15 246 20706
15 272 3757
15 360 31914
15 371 25270
15 418 1312
15 446 5687
15 462 4794
15 474 9180
16 45 12228
16 103 22348
16 114 20983
16 129 31968
16 330 23477
16 391 4991
16 402 29583
16 410 2821
16 506 25030
17 18 23081
17 102 31285
17 144 8251
17 148 21598
17 157 10801
17 213 10431
17 263 28105
17 266 8366
17 276 13039
17 303 10006
17 443 9044
17 506 31811
17 507 19213
18 86 4862
18 105 14174
18 139 25084
18 217 4609
18 356 30735
18 408 27091
19 59 30819
19 62 6036
19 76 2168
19 94 5306
19 104 8590
19 111 20299
19 185 8366
19 213 30518
19 249 9404
19 253 23845
19 267 16526
19 345 3037
19 368 22180
19 379 30379
19 411 4011
20 39 771
20 60 22917
20 71 20550
20 121 237
20 171 6985
20 174 6446
20 203 12489
20 247 11857
20 262 14402
20 323 30752
20 339 23609
20 431 30456
21 10 6349
21 47 32360
21 183 18777
21 199 23032
21 302 1543
21 430 30037
21 485 452
22 236 30147
22 278 7719
22 433 18539
22 459 19199
22 475 22780
22 490 5309
23 5 23130
23 31 21772
23 114 31249
23 266 549
23 296 14424
23 325 10329
23 415 16262
23 433 16317
23 474 2821
24 64 15880
24 65 268
24 97 32552
24 134 18541
24 155 8484
24 248 30552
24 289 14392
24 294 8220
24 378 15437
24 412 29597
24 497 737
25 57 12011
25 244 9115
25 263 19649
25 284 1420
25 337 7629
25 338 10878
25 349 20577
25 405 12148
25 414 21689
25 503 28629
25 510 69
26 0 3836
26 40 11704
26 80 23558
26 134 25278
26 179 24625
26 180 20536
26 281 9329
26 304 11841
26 330 7963
26 368 151
26 408 6774
26 454 25519
26 463 6901
26 488 23450
27 35 7896
27 138 28269
27 253 6590
27 258 31633
27 301 25835
27 317 13255
27 350 27285
27 361 16623
27 373 8792
27 403 25321
27 422 4520
27 437 19696
27 458 25890
28 11 27350
28 212 25853
28 213 12376
28 221 22463
28 223 30165
28 243 19169
28 244 25224
28 289 30366
28 297 16624
28 320 25011
28 323 13195
28 352 17853
28 361 20358
28 395 27919
28 424 6759
29 59 18254
29 82 28649
29 138 9983
29 151 27697
29 172 1354
29 219 16080
29 234 22301
29 349 26154
29 357 26582
29 462 9335
30 10 27635
30 94 16583
30 200 1027
30 206 1182
30 276 18374
30 286 10785
30 312 4239
30 349 8193
30 373 2938
30 469 5733
30 473 6353
30 477 24827
31 7 29179
31 128 19144
31 295 16619
31 307 14036
31 344 13127
31 434 11791
31 447 4392
32 33 10000
32 66 662
32 96 14721
32 117 899
32 175 30166
32 212 18336
32 232 2842
32 269 14606
32 363 28922
32 448 17424
32 499 3747
32 509 19517
33 7 16398
33 145 20159
33 160 20326
33 208 13772
33 238 31052
33 245 25344
33 272 30791
33 286 12849
33 336 25623
33 340 32547
33 379 4431
33 473 25269
33 474 24817
33 497 5213
34 37 22037
34 65 23797
34 121 21376
34 153 11660
34 169 29861
34 198 9767
34 207 32713
34 260 13642
34 268 11592
34 318 13523
34 319 17049
34 421 24257
35 24 85
35 34 14811
35 105 10387
35 199 17669
35 247 2996
35 504 15982
35 506 1660
36 39 26292
36 46 11751
36 56 24177
36 118 9472
36 142 19937
36 171 7285
36 253 21075
36 321 24141
36 344 3011
36 419 28427
36 431 25149
36 446 15018
37 4 23312
37 30 20978
37 46 16037
37 50 1133
37 105 7599
37 112 10078
37 142 27902
37 164 20629
37 174 7903
37 267 16553
37 417 31355
37 418 15985
38 77 8383
38 107 22060
38 172 16702
38 282 20216
38 311 21098
38 345 28830
38 368 9630
38 370 8363
38 371 20883
39 26 23925
39 76 17031
39 91 21327
39 253 4876
39 273 29927
39 281 1621
39 297 17244
39 304 17515
39 352 10293
39 390 16231
39 467 28748
39 491 12828
39 508 22862
40 82 9
40 83 18707
40 98 974
40 234 15765
40 241 13138
40 267 20976
40 284 21015
40 344 30914
40 389 4527
40 430 9105
40 503 10496
41 156 23149
41 212 30294
41 213 24851
41 219 25771
41 221 3246
41 326 32239
41 343 2655
41 467 10205
41 500 10665
41 501 26692
41 508 15163
42 362 17282
42 391 32450
42 392 1444
42 418 14538
42 431 311
42 499 4320
43 90 1762
43 108 25580
43 192 24186
43 214 18913
43 233 19692
43 273 3534
43 375 7945
43 408 22680
43 409 13981
43 492 4613
44 53 5667
44 103 2985
44 132 20060
44 197 17014
44 208 10422
44 238 8567
44 241 20185
44 321 3916
44 340 7873
44 355 4083
44 374 12530
44 390 16383
44 392 24875
44 415 23532
44 451 13457
44 485 2421
45 15 3636
45 51 16701
45 52 11290
45 59 26832
45 80 13623
45 97 15941
45 138 3839
45 144 25540
45 159 31398
45 206 23277
45 348 32693
45 443 7787
45 462 10661
46 51 7426
46 130 8298
46 244 14008
46 250 20353
46 302 17141
46 320 30837
46 330 8809
46 411 26374
46 438 27965
46 441 15735
46 490 11662
47 66 10910
47 161 20499
47 305 24093
47 378 26742
47 379 2805
47 424 11734
47 510 30748
48 1 23781
48 15 23860
48 17 3582
48 83 14207
48 125 30364
48 200 861
48 219 7969
48 242 26557
48 298 18558
48 315 8636
48 400 30639
48 415 14397
48 448 21484
48 460 17335
48 465 18265
48 477 28066
48 479 15413
49 13 29338
49 22 1713
49 32 602
49 45 31866
49 88 26961
49 123 6322
49 152 24329
49 221 3778
49 256 19494
49 265 20221
50 29 24296
50 104 18455
50 132 11943
50 149 18944
50 211 6342
50 245 20675
50 286 14183
50 295 23344
50 316 3939
50 417 15399
50 451 15208
51 33 20522
51 58 12253
51 86 24611
51 114 177
51 131 22773
51 166 25356
51 169 15935
51 177 25430
51 185 8883
51 312 2102
51 393 22087
51 440 18079
52 5 20410
52 8 24554
52 32 22057
52 73 17421
52 125 18967
52 156 32766
52 157 5690
52 186 27493
52 279 11694
52 352 27221
52 362 2163
52 387 20330
53 11 24756
53 52 30256
53 62 14817
53 176 7024
53 254 1938
53 255 21374
53 265 8700
53 341 18341
53 391 27796
53 434 14389
53 447 5976
53 449 28031
53 480 11381
54 0 2906
54 81 25799
54 95 23454
54 242 17195
54 330 12564
54 355 3509
54 372 26865
54 393 7868
55 68 12584
55 131 26406
55 313 25515
55 356 25
55 483 12011
56 18 30554
56 119 5163
56 154 18723
56 164 22841
56 264 27339
56 330 5988
56 346 21382
56 450 13449
56 468 9224
56 480 4490
56 501 23455
57 39 3409
57 175 17556
57 181 21693
57 194 19463
57 203 19104
57 300 4958
57 338 12778
57 346 26552
57 396 4068
58 47 3161
58 65 10149
58 133 9380
58 149 5305
58 151 29897
58 214 22785
58 241 6572
58 340 8155
58 360 1313
59 2 24075
59 58 29164
59 91 26128
59 116 10065
59 154 13598
59 262 23367
59 282 32664
59 287 7065
59 380 841
59 436 12482
59 491 24932
60 28 31242
60 29 14517
60 70 9044
60 72 19889
60 104 10654
60 106 20696
60 147 30307
60 194 6584
60 204 4921
60 211 24981
60 279 22190
60 299 9244
60 310 19574
60 338 23035
60 403 17638
60 404 23285
60 504 6525
61 14 28933
61 49 28218
61 200 32286
61 279 31541
61 333 7027
61 348 16708
61 373 6615
61 402 11979
61 430 25958
61 468 274
62 16 20706
62 142 14970
62 151 7441
62 183 21464
62 193 1905
62 288 17
62 327 27924
62 399 6112
62 403 27869
62 417 17027
62 431 3117
62 499 3258
63 10 18136
63 22 21883
63 74 21345
63 128 28540
63 129 7740
63 271 1682
63 281 24966
63 352 6685
64 8 11377
64 30 6311
64 49 1604
64 108 5181
64 120 14112
64 156 17107
64 202 24458
64 325 21258
64 377 12416
64 382 2656
64 428 3735
65 10 23051
65 112 31648
65 235 23243
65 430 15953
65 455 17050
65 478 10392
66 26 11107
66 31 3071
66 48 14683
66 50 7531
66 303 7556
66 314 31468
67 145 16232
67 157 19172
67 396 5359
67 400 12939
67 435 31549
67 440 26491
67 470 2151
67 479 28450
68 90 18571
68 127 3917
68 432 19252
68 455 101
68 507 1509
69 103 14629
69 138 6330
69 153 18478
69 183 29408
69 359 6022
69 381 2493
69 409 21491
69 456 12309
69 473 5077
69 490 9945
70 15 29812
70 79 31897
70 283 29072
70 315 3749
70 316 8495
70 319 12526
70 422 12151
71 99 25715
71 107 4491
71 115 14899
71 180 10687
71 185 19673
71 208 21633
71 220 27162
71 299 20702
71 305 276
71 336 29989
71 362 3326
71 384 28615
71 403 32472
72 80 29794
72 151 8532
72 195 17234
72 274 5064
72 317 12568
72 342 1998
72 401 5153
72 429 18812
73 19 2644
73 67 5480
73 80 21530
73 84 3085
73 130 3942
73 228 21036
73 230 8294
73 494 13602
74 24 6239
74 61 30855
74 197 8936
74 200 29358
74 229 9063
74 248 23573
74 327 12910
74 359 848
74 381 7907
74 408 1319
75 21 11040
75 88 5607
75 124 8722
75 159 18472
75 174 100
75 241 17126
75 299 30569
75 306 11121
75 324 17422
75 355 27149
75 365 25917
75 377 7323
75 381 19664
75 448 14969
75 465 24234
76 131 2037
76 157 25757
76 252 14993
76 259 12895
76 264 23578
76 281 32171
76 314 23634
76 320 7172
76 405 15382
76 428 12435
76 456 553
76 463 22964
76 467 3591
76 476 31130
77 2 12421
77 128 8584
77 137 3843
77 177 2729
77 209 9957
77 226 15088
77 257 27756
77 303 20907
77 354 23017
77 371 22821
78 99 18813
78 237 17799
78 248 4572
78 278 9524
78 286 12883
78 351 11390
78 455 8006
78 465 11152
79 5 4243
79 66 23685
79 239 31434
79 261 19455
79 307 3256
79 317 6214
79 373 14467
79 400 31002
79 414 26430
79 468 8184
80 85 8156
80 126 29833
80 127 30207
80 215 32657
80 245 27383
80 446 765
80 488 30263
80 490 22749
81 6 29563
81 106 18207
81 108 7209
81 193 7912
81 194 5469
81 284 23853
81 307 16487
81 399 2423
81 443 9195
81 477 4330
82 43 27127
82 56 2610
82 103 7757
82 113 11796
82 260 15549
82 267 17444
82 306 27949
82 463 1065
83 4 30469
83 125 26340
83 311 30870
83 466 10737
83 471 24123
83 490 15424
84 11 5329
84 76 24661
84 129 13362
84 150 1811
84 246 17064
84 353 20913
84 405 19741
84 474 30503
85 57 9467
85 81 18516
85 87 27843
85 95 13257
85 104 12569
85 174 14742
85 217 22472
85 325 15515
85 341 9803
85 398 26195
85 416 31005
85 429 23459
85 445 24474
85 454 28347
85 484 5487
86 4 29792
86 13 10398
86 57 30890
86 60 14917
86 103 19018
86 141 18912
86 233 6563
86 292 9538
86 403 18335
86 466 23050
86 489 27127
87 7 28398
87 122 14902
87 150 5526
87 179 18596
87 190 4764
87 244 22418
87 510 1248
88 6 14116
88 37 31351
88 82 5370
88 90 14471
88 128 26126
88 166 21953
88 249 16824
88 265 7194
88 270 12971
88 280 23172
88 324 13627
88 334 25295
88 394 2502
88 442 17984
88 452 24386
88 456 8323
89 92 15020
89 115 9606
89 199 29350
89 303 12111
89 304 28339
89 312 471
89 326 3585
89 331 2149
89 375 18478
89 411 31497
89 453 21775
89 460 2048
89 462 24492
89 481 21198
90 91 5154
90 145 28786
90 168 10463
90 262 17135
90 292 14859
90 392 27800
90 431 14452
90 436 22861
90 454 12177
91 3 9569
91 20 18834
91 90 27334
91 118 15293
91 132 13511
91 138 15854
91 181 19015
91 204 21676
91 214 14382
91 252 9536
91 268 11882
91 336 2290
91 337 12145
91 386 27119
91 435 23295
91 467 4675
91 472 24545
92 101 10189
92 112 8446
92 129 13263
92 152 27842
92 157 31199
92 225 24098
92 234 17741
92 281 17820
92 489 18862
93 24 17523
93 39 22845
93 43 14962
93 58 7695
93 120 24795
93 122 27875
93 202 26235
93 289 26807
93 453 21674
94 44 15136
94 219 27802
94 260 6031
94 296 648
94 313 10462
94 330 31189
94 462 23554
94 505 4369
95 1 28246
95 99 16570
95 136 4935
95 165 3259
95 218 27692
95 232 28921
95 263 28267
95 392 1711
95 477 719
95 484 22965
95 488 26780
96 168 21123
96 449 6960
96 473 31007
97 77 23277
97 120 20378
97 268 8254
97 329 28573
97 354 26391
97 386 3218
97 439 21881
97 468 18604
97 511 26700
98 255 28953
98 290 16231
98 328 4461
98 376 445
98 400 26365
98 494 7373
99 41 18555
99 59 20397
99 85 20863
99 155 7830
99 189 26863
99 192 3729
99 314 29465
99 383 17488
99 410 1753
99 508 20127
100 42 9765
100 73 1003
100 105 6110
100 225 11192
100 394 21903
100 456 27859
100 494 11884
101 137 29841
101 184 28577
101 193 25527
101 247 19332
101 268 21068
101 324 28495
101 331 15725
101 353 17947
101 490 18112
102 38 9980
102 141 7231
102 143 19195
102 171 11782
102 196 18698
102 205 23649
102 286 14748
102 330 19856
102 332 27095
102 449 13738
102 454 25463
102 465 693
103 25 1212
103 51 6547
103 170 6495
103 247 21967
103 249 12869
103 256 24735
103 293 27868
103 365 7885
103 397 856
103 511 4614
104 7 29169
104 102 32434
104 114 30831
104 119 12155
104 372 20600
104 404 25534
104 490 17785
105 28 19261
105 51 6100
105 84 1736
105 145 7101
105 256 16853
105 272 6522
105 297 16883
105 305 14234
105 343 6346
105 356 24732
105 368 5032
106 62 7120
106 154 1484
106 167 3092
106 177 30934
106 244 10670
106 261 11161
106 269 13224
106 303 4294
106 315 6194
106 320 19070
106 334 9131
106 336 5061
106 363 12810
107 38 3147
107 39 31960
107 57 26099
107 177 22641
107 178 6515
107 226 21082
107 350 13008
107 372 5262
107 379 23517
107 380 16627
107 502 12210
108 13 22228
108 54 13766
108 61 24397
108 118 28976
108 131 5713
108 193 22305
108 215 6109
108 293 28317
108 294 19890
108 311 13203
108 325 31079
108 457 32735
108 479 12601
108 511 16345
109 55 4059
109 56 23556
109 108 21537
109 280 11597
109 282 23436
109 398 32275
109 409 20276
109 456 12673
110 68 21977
110 90 13658
110 227 4175
110 230 12823
110 311 29152
110 352 31747
111 32 13588
111 50 10070
111 264 15785
111 288 24363
111 322 16469
111 331 16575
111 360 18513
111 365 17561
111 372 20212
111 405 23047
111 475 3241
112 117 28229
112 135 10782
112 163 24170
112 182 10798
112 188 1480
112 232 19919
112 260 4086
112 267 23215
112 426 5621
112 508 11586
113 139 1384
113 142 27941
113 154 11040
113 172 11000
113 228 25690
113 234 9545
113 282 26012
113 303 28817
113 309 6626
113 396 254
113 463 7243
113 474 14781
113 497 8945
114 73 1333
114 111 25195
114 245 4851
114 297 8436
114 310 8817
114 399 3257
114 432 61
115 95 9581
115 113 6558
115 133 55
115 185 17193
115 363 7008
115 408 14290
115 426 13072
115 458 29816
115 460 9781
116 7 28007
116 49 378
116 82 14904
116 83 12768
116 110 7055
116 123 18375
116 198 15748
116 245 29090
116 275 20954
116 302 24975
116 304 19508
116 395 17685
117 8 20455
117 16 25266
117 63 27215
117 191 25964
117 206 2426
117 209 19295
117 343 28135
117 344 5138
117 366 4734
117 425 24828
117 466 9631
118 158 27125
118 160 29473
118 170 16948
118 203 12756
118 267 16662
118 402 13121
118 496 11135
119 3 26969
119 6 22824
119 16 127
119 17 1475
119 48 14409
119 242 29349
119 245 26107
119 267 25140
119 283 22839
119 285 5385
119 329 14521
119 420 21810
119 486 8866
119 511 5609
120 4 13547
120 13 24966
120 37 1161
120 117 13242
120 167 32132
120 331 6363
120 334 23629
120 348 30406
120 421 32188
120 427 24959
120 472 2902
120 477 31347
120 493 8222
121 9 7145
121 23 28607
121 49 19759
121 141 14780
121 287 24989
121 325 32496
121 361 31525
121 427 26375
122 16 7234
122 46 6513
122 85 18490
122 87 901
122 146 7253
122 190 7691
122 208 28937
122 220 14919
122 256 23927
122 343 1045
122 400 20699
122 479 30592
122 489 24801
123 84 21557
123 91 17701
123 109 13270
123 124 1946
123 134 15974
123 139 31049
123 152 8629
123 245 16212
123 352 6741
123 370 8967
123 382 11460
123 411 28233
123 435 13939
123 458 15746
123 487 920
124 35 5676
124 97 20393
124 127 302
124 253 20311
124 407 10068
124 473 29337
125 68 21194
125 100 4202
125 105 495
125 184 28347
125 213 28639
125 245 1326
125 255 3114
125 275 16589
125 287 21010
125 305 16328
125 337 16574
125 386 22685
125 489 15460
126 123 10830
126 159 16928
126 195 9072
126 197 26200
126 207 26683
126 222 16708
126 245 25038
126 277 25808
126 312 7539
126 355 21305
126 384 31868
126 402 8745
127 77 13326
127 124 7574
127 202 2542
127 205 18027
127 262 27581
127 409 27357
127 417 12504
128 60 14613
128 61 18318
128 139 16728
128 167 30740
128 173 22052
128 196 30620
128 256 31048
128 260 31141
128 285 27694
128 298 24496
128 325 9573
128 351 32291
128 356 2401
128 426 10480
128 511 2313
129 40 6280
129 185 955
129 470 12836
130 0 4972
130 10 17250
130 15 19267
130 39 13528
130 78 9109
130 82 3320
130 108 8950
130 184 12388
130 293 12536
130 363 17758
130 367 28379
130 381 26866
130 443 7922
130 481 13576
131 38 14853
131 115 24013
131 273 26949
131 298 31624
131 367 10266
131 472 27562
131 483 30453
132 85 23990
132 113 17146
132 166 19982
132 199 18245
132 217 19984
132 218 31252
132 278 30760
132 317 24343
133 26 23281
133 122 27406
133 188 27005
133 270 32548
133 280 8553
133 336 17987
133 380 25080
133 422 887
133 439 25377
133 460 6671
133 463 28037
133 488 6217
134 62 10906
134 123 32267
134 165 7275
134 188 15357
134 264 14685
134 330 31030
134 382 30298
134 451 8294
134 463 12886
135 5 16251
135 48 7739
135 84 1760
135 176 25765
135 224 12433
135 239 25853
135 371 1490
135 384 19697
135 448 31552
135 463 32726
135 482 17556
136 3 1209
136 13 3019
136 17 14730
136 34 24122
136 76 24421
136 144 22526
136 246 11988
136 320 17048
136 355 21984
136 425 25372
136 432 27698
136 485 7944
137 17 19547
137 34 6928
137 66 8488
137 171 9788
137 196 18974
137 272 31817
137 302 28791
137 303 623
137 306 7971
137 310 2246
137 371 25824
137 388 22090
137 436 6484
138 26 1165
138 121 23947
138 164 17828
138 314 17671
138 316 9897
138 409 3888
138 421 6065
138 447 13150
138 461 29767
139 17 1873
139 56 18900
139 75 6091
139 94 1
139 95 9633
139 105 10984
139 114 20260
139 181 18378
139 267 30323
139 288 29715
139 289 22231
139 349 29059
139 402 23142
139 414 11758
139 492 27355
140 3 16474
140 76 758
140 161 7365
140 191 22866
140 258 5415
140 261 11152
140 293 8274
140 294 15008
140 382 14689
140 460 22174
141 69 28494
141 74 21275
141 95 26615
141 121 16527
141 133 20908
141 218 22969
141 251 19774
141 287 27950
141 293 32610
141 444 17445
141 455 21959
141 506 15627
142 96 11299
142 119 20430
142 122 29912
142 165 7334
142 175 22165
142 237 1480
142 275 27346
142 333 5312
142 433 19312
142 441 837
142 480 15098
143 47 13188
143 52 6386
143 76 16502
143 145 14661
143 199 16848
143 225 19795
143 335 11165
143 376 24392
143 487 17121
143 502 26686
144 313 26390
144 419 27902
144 501 16976
145 44 16937
145 55 7937
145 75 32362
145 221 26987
145 301 10889
145 324 28555
145 445 30669
146 3 10167
146 37 5076
146 139 21547
146 195 21555
146 215 13204
146 235 14779
146 267 12498
146 315 10542
146 335 14974
146 362 27165
146 392 16898
146 409 14716
146 421 12991
146 494 17160
147 81 11279
147 166 4631
147 193 19516
147 207 2947
147 344 32649
147 374 20240
147 404 28402
147 452 17800
148 23 21129
148 126 2156
148 145 12805
148 171 3298
148 176 2563
148 260 4546
148 267 12078
148 353 25169
148 357 6594
148 378 30041
148 390 7470
148 477 9960
148 481 11288
148 482 26851
148 509 11920
149 1 15781
149 6 10117
149 62 9717
149 178 10515
149 188 10335
149 237 24656
149 276 17917
149 278 18749
149 279 27671
149 308 1762
149 369 14482
149 380 21935
149 490 17223
149 505 1440
150 71 23922
150 162 16927
150 307 15968
150 329 10645
150 354 20794
150 484 20752
150 497 23777
151 1 16735
151 62 8863
151 114 6621
151 161 11187
151 212 8610
151 240 18420
151 247 23985
151 275 18254
151 315 27927
151 413 32226
151 427 2757
151 443 24887
151 451 26600
151 498 27808
152 62 6201
152 91 9664
152 112 14335
152 229 6404
152 246 14441
152 277 27222
152 361 32271
152 400 30543
153 35 6967
153 42 18175
153 167 28259
153 207 28985
153 327 7721
153 352 3264
153 419 9284
153 438 17292
154 255 25463
154 263 25113
154 479 13440
155 6 3953
155 202 9316
155 298 12726
155 316 32160
155 354 32071
155 357 16312
155 381 15489
155 397 4994
155 442 12932
155 508 15692
156 32 27180
156 94 15123
156 105 16843
156 130 13352
156 173 722
156 231 15648
156 268 21888
156 283 10632
156 292 12658
156 353 7846
156 357 15239
156 374 13246
156 457 20350
156 486 4305
157 18 14218
157 175 22252
157 206 13195
157 247 4242
157 427 8257
157 448 24066
157 463 3168
158 3 4581
158 281 7870
158 287 9642
158 353 3391
158 394 30494
158 448 11127
158 508 12503
159 8 25566
159 36 28119
159 140 7784
159 153 20805
159 166 15250
159 179 28725
159 366 25553
159 376 1008
159 398 30007
159 495 19627
160 139 27567
160 335 9434
160 337 454
161 118 17626
161 142 10761
161 213 28279
161 215 22606
161 328 6691
161 385 19464
161 406 11831
161 423 29907
162 78 8163
162 115 17734
162 272 14226
162 325 18386
162 330 32343
162 344 7801
162 385 2919
162 476 30835
163 236 3063
163 267 24644
163 315 32284
163 373 21466
163 410 29933
163 449 18454
163 467 16217
163 509 9712
164 55 25836
164 107 17751
164 135 11638
164 220 17527
164 237 27369
164 431 22667
164 471 3146
165 35 3973
165 174 24470
165 183 29623
165 271 9335
165 284 16851
165 346 22646
165 369 29977
165 439 28682
165 498 6905
166 0 19572
166 39 23602
166 61 757
166 90 3453
166 117 23819
166 152 24538
166 199 15109
166 397 9735
166 428 10805
166 485 11204
167 10 9003
167 25 8792
167 58 32486
167 59 1861
167 65 254
167 303 28007
167 336 13732
167 450 14672
167 491 26616
167 502 26621
168 7 9026
168 15 12100
168 25 18809
168 110 23143
168 127 26589
168 223 23331
168 252 5740
168 282 7279
168 481 24707
168 498 27071
169 45 9813
169 135 30537
169 149 18757
169 311 32559
169 317 24630
169 326 27187
169 374 1076
169 461 17666
169 499 18391
170 23 26625
170 113 14380
170 135 32291
170 209 23994
170 216 30931
170 275 16679
170 331 31840
170 465 10071
170 497 10815
171 10 1136
171 38 31819
171 55 30034
171 81 26308
171 180 30019
171 226 30307
171 228 16985
171 251 31921
171 322 26778
171 339 4458
171 346 19476
171 350 3182
171 379 3302
171 385 9695
172 51 6450
172 144 10187
172 146 28397
172 148 20245
172 151 1435
172 219 24616
172 222 20451
172 244 10218
172 280 2336
172 284 14556
172 304 5084
172 308 22549
172 321 9021
172 346 8245
172 384 32242
172 405 31518
172 441 1793
172 460 13244
172 461 4933
172 476 32727
173 45 25608
173 56 4976
173 120 14617
173 137 24352
173 281 13399
173 285 489
173 286 2794
173 444 9110
173 467 25300
173 494 12707
174 49 23260
174 122 25791
174 150 2810
174 182 25629
174 185 9378
174 191 13578
174 240 13431
174 274 28444
174 317 4689
174 326 12466
174 353 32070
174 354 14533
174 412 8816
174 429 30073
174 508 29787
175 9 6168
175 43 180
175 50 4899
175 90 11934
175 116 23986
175 124 2018
175 156 30518
175 180 24653
175 301 24074
175 328 16985
175 506 5448
176 0 24662
176 32 25818
176 38 23446
176 110 12173
176 203 13811
176 226 17093
176 293 17382
176 365 7307
176 371 17156
176 484 12686
176 491 32429
176 508 750
177 156 24975
177 204 26468
177 256 30431
177 265 2914
177 282 14626
177 343 1104
177 432 30224
177 494 2451
178 43 20515
178 96 30019
178 105 3269
178 135 12891
178 148 1793
178 236 7531
178 245 14630
178 276 14645
178 283 30022
178 393 28824
178 409 2306
178 443 5022
178 508 11259
179 69 10609
179 167 118
179 174 17626
179 267 5019
179 379 16037
179 402 31971
179 511 32321
180 24 22565
180 33 967
180 76 32164
180 123 584
180 135 7685
180 146 1247
180 216 16807
180 270 16498
180 271 27703
180 276 6850
180 501 22207
181 147 19387
181 161 14938
181 193 6117
181 200 31984
181 273 26284
181 313 4164
181 384 9055
181 386 18172
181 402 23704
181 418 18816
181 432 8431
181 439 30143
181 457 6400
182 171 28111
182 228 8337
182 275 31696
182 288 32035
182 414 17782
182 445 1860
182 473 6989
183 56 16610
183 80 17147
183 85 14489
183 93 24137
183 103 4192
183 202 8349
183 328 32036
183 402 22913
184 39 12423
184 53 25259
184 71 185
184 186 7430
184 247 895
184 257 13325
184 323 7839
184 361 15655
184 368 24213
184 376 18218
184 388 12813
184 438 30045
185 66 2725
185 138 3831
185 174 31250
185 179 11
185 217 28010
185 218 586
185 384 28019
185 487 12337
185 494 19252
186 126 12608
186 147 3801
186 155 8789
186 164 773
186 227 22872
186 235 22229
186 279 9724
186 304 30602
186 394 17981
186 441 28170
186 455 2524
186 456 5967
186 481 30005
187 6 22898
187 24 10615
187 199 4198
187 247 24380
187 383 29634
187 423 25928
187 444 5765
187 454 28175
187 463 14959
187 476 18933
187 507 14935
188 3 25518
188 88 212
188 243 5821
188 244 12096
188 301 14980
188 305 28676
188 353 12526
188 422 15649
188 492 9535
188 499 1933
189 70 136
189 75 27774
189 117 4241
189 122 17969
189 159 24805
189 175 27966
189 204 11196
189 209 3517
189 210 26561
189 293 6006
189 305 13316
189 487 3361
190 95 11148
190 105 20831
190 127 7262
190 143 7360
190 184 3331
190 228 28695
190 445 13888
190 495 25134
191 38 26617
191 75 8908
191 103 26029
191 133 8753
191 201 5591
191 223 18262
191 224 20607
191 286 15091
191 291 29214
191 336 13975
191 383 8406
191 388 25626
191 458 4971
191 510 7352
192 48 16309
192 81 10443
192 156 14940
192 221 27723
192 268 14407
192 305 4167
192 338 7102
192 387 9302
192 394 22182
192 454 14815
193 231 7844
193 290 11958
193 324 8484
193 344 1116
193 408 29909
193 439 24609
193 456 9962
193 504 27499
194 31 14190
194 43 25305
194 82 27324
194 90 15744
194 157 20445
194 184 14054
194 354 18833
194 370 24128
194 374 19257
194 407 649
194 423 3656
195 28 24177
195 69 9278
195 84 2416
195 214 28795
195 233 15488
195 241 3684
195 293 1072
196 61 12341
196 75 11734
196 141 13044
196 161 24427
196 162 24723
196 182 11421
196 253 18081
196 303 5710
196 398 910
196 481 32282
196 484 19158
196 501 7927
197 153 32153
197 156 919
197 173 22564
197 213 7477
197 240 6352
197 280 7003
197 389 21961
197 446 24315
198 11 12064
198 64 6366
198 225 18157
198 253 22700
198 327 3973
198 350 28531
198 357 25240
198 392 26505
198 489 19164
198 498 9872
199 82 26490
199 141 16653
199 166 24486
199 220 22527
199 243 8812
199 279 20800
199 320 28931
199 336 24632
199 397 6334
199 400 23024
199 422 15127
199 478 23997
200 21 25592
200 31 30136
200 63 23050
200 206 32635
200 233 16257
200 238 2637
200 312 30188
200 463 6918
200 493 25247
200 506 5709
201 107 6075
201 155 29961
201 161 25118
201 166 31536
201 188 28349
201 249 14751
201 279 2189
201 344 27730
201 360 27484
201 453 2212
201 503 11512
202 17 8299
202 207 11465
202 279 3455
202 345 8375
202 361 28598
202 410 23582
202 446 22426
202 496 10638
203 90 21947
203 255 20369
203 378 8937
203 392 12198
203 438 11918
203 476 32258
203 504 25905
204 54 6618
204 79 1648
204 241 29433
204 340 6064
204 375 26911
205 20 2941
205 90 25647
205 102 30431
205 119 26457
205 150 32605
205 168 15534
205 177 3232
205 187 13639
205 192 29326
205 208 26065
205 244 23593
205 278 23951
205 405 19093
205 505 8756
206 144 4045
206 236 19833
206 245 11435
206 262 538
206 269 1736
206 294 19205
206 321 31535
206 423 31661
207 225 7644
207 235 12165
207 306 21904
207 330 30037
207 373 5153
207 391 16707
207 479 27888
208 38 21852
208 122 32655
208 139 18292
208 142 21683
208 165 19493
208 217 7026
208 232 6180
208 502 18419
209 33 5390
209 243 10412
209 298 4855
209 362 31109
209 363 4673
209 367 7502
209 373 16089
209 385 1342
209 386 30221
209 473 10468
210 61 32616
210 87 21077
210 247 22807
210 270 7107
210 345 14564
210 389 9349
210 422 1589
211 50 9194
211 103 27693
211 110 27486
211 140 17677
211 151 4502
211 306 18676
211 332 20896
211 393 8347
211 419 27959
211 477 32558
212 50 27373
212 68 6130
212 154 9154
212 235 1858
212 290 14574
212 320 842
212 404 1220
212 505 20452
213 7 2403
213 14 10663
213 58 27886
213 84 23127
213 207 18558
213 259 26210
213 348 1510
213 389 358
213 432 24193
213 511 10463
214 2 22914
214 7 14011
214 82 4486
214 176 21177
214 195 14691
214 210 6043
214 260 21036
214 261 31666
214 287 11944
214 325 13821
214 378 32179
214 437 16828
215 57 27686
215 210 19531
215 266 23644
215 280 23154
215 300 27279
215 334 30348
215 456 21913
215 477 24531
215 504 10004
216 79 26539
216 83 7601
216 134 6675
216 171 16111
216 180 24341
216 272 8181
216 285 21232
216 324 20981
216 325 29891
216 359 20658
216 471 27920
217 16 24993
217 79 30134
217 89 24877
217 90 17248
217 114 29954
217 240 30532
217 356 819
217 376 32655
217 377 22808
217 436 29757
217 508 1626
217 509 640
217 511 26082
218 27 20289
218 42 20796
218 92 1
218 121 19335
218 173 25823
218 243 25396
218 293 30903
218 342 23298
218 352 7902
219 32 7730
219 38 30727
219 159 21519
219 273 13216
219 279 20623
219 311 20471
219 364 8121
219 426 20611
219 451 16924
219 456 19310
219 493 26977
219 505 11863
220 126 19685
220 160 20531
220 161 28813
220 173 5457
220 177 24314
220 183 32073
220 197 29597
220 251 21226
220 258 463
220 326 30347
220 369 24796
220 420 7771
220 479 4285
220 488 27570
221 74 32510
221 93 4040
221 204 6558
221 264 29081
221 324 12712
221 356 16772
221 428 6745
221 475 25711
221 480 28076
222 30 696
222 53 22842
222 65 18764
222 134 10131
222 160 30981
222 174 663
222 264 7470
222 335 28958
222 358 31297
222 496 634
223 154 22468
223 271 3184
223 411 30773
223 443 32542
223 501 15359
224 36 20736
224 61 4294
224 187 25815
224 229 17078
224 251 26298
224 298 20738
224 321 798
224 331 30153
224 337 10405
224 340 4350
224 377 14289
224 461 12282
224 486 14444
225 121 536
225 163 4474
225 224 3462
225 257 21963
225 344 9068
225 490 24632
226 90 30356
226 101 27149
226 253 4011
226 337 20127
226 348 11083
226 437 5975
227 18 25647
227 50 29132
227 132 8706
227 154 16243
227 223 32467
227 230 1669
227 241 22297
227 319 19289
227 329 5122
227 393 9117
228 170 28543
228 199 4829
228 210 18062
228 223 12434
228 243 18262
228 246 11170
228 287 1547
228 298 29640
228 300 13062
228 430 5374
228 458 32592
228 466 27151
228 473 20435
229 17 8184
229 71 16454
229 132 17630
229 180 1696
229 284 32544
229 290 5521
229 395 29778
229 445 11878
229 446 26923
229 464 19793
230 54 18009
230 74 26788
230 122 27699
230 171 20005
230 190 6707
230 194 14780
230 301 31543
230 511 21739
231 127 28466
231 173 26129
231 186 9438
231 214 11143
231 288 21705
231 365 21612
231 378 16493
231 445 28647
231 458 25384
231 511 29510
232 103 19154
232 108 15152
232 137 29673
232 219 28421
232 272 1463
232 303 28651
232 390 415
232 437 17616
232 466 16629
232 482 8658
233 97 372
233 131 14804
233 154 32721
233 202 30666
233 251 22147
233 301 20697
233 326 20152
233 375 2207
233 380 26530
233 384 13010
233 467 19333
233 479 13255
233 482 24969
234 121 21913
234 139 10473
234 164 28156
234 225 16279
234 473 32088
234 485 21502
234 510 1306
235 92 1739
235 121 28745
235 150 25342
235 213 12194
235 214 22484
235 345 26723
235 395 14820
235 436 31609
235 469 18237
236 59 18199
236 76 29044
236 82 20667
236 146 1580
236 178 23633
236 197 19245
236 219 27311
236 269 25745
236 353 14876
237 18 14031
237 148 27381
237 243 27324
237 256 6512
237 413 3836
237 464 5331
237 498 22283
237 503 29740
238 2 1750
238 45 1483
238 100 2298
238 103 9268
238 142 22487
238 250 22805
238 295 19602
238 333 7618
238 341 28943
238 420 24050
238 425 9933
238 428 19221
238 478 29593
239 28 1540
239 37 23814
239 132 16029
239 138 3986
239 194 3759
239 206 19606
239 328 18176
239 350 20536
239 478 29463
240 16 23916
240 73 7779
240 121 9582
240 195 28937
240 297 21960
240 324 17115
240 421 5658
240 422 28800
240 453 18016
240 487 15056
240 488 12290
241 117 8168
241 157 9408
241 298 21151
241 350 28062
241 360 22309
241 403 7852
241 468 21814
241 481 32278
242 17 28034
242 36 16490
242 75 10273
242 98 24731
242 138 3544
242 204 12549
242 210 13484
242 317 26945
242 394 23915
242 424 5298
242 469 28413
242 481 18515
242 485 8886
243 42 1254
243 127 28816
243 262 30178
243 284 27694
243 360 5524
243 463 15848
244 79 14307
244 91 18928
244 130 24672
244 148 25986
244 164 31717
244 183 20071
244 191 21276
244 262 657
244 266 29826
244 324 2663
244 441 31952
245 27 13268
245 88 5426
245 94 27414
245 135 25015
245 166 647
245 188 1047
245 301 6514
245 411 31958
245 424 277
245 479 6205
246 33 8140
246 35 1552
246 56 7106
246 57 20346
246 77 18942
246 345 13090
246 358 16148
246 373 12538
246 479 3205
246 481 30454
247 51 286
247 70 17233
247 83 17640
247 94 6337
247 158 9392
247 372 17152
247 432 30834
247 441 13768
247 459 7205
247 475 17445
248 33 11692
248 79 1405
248 176 5304
248 212 578
248 228 3810
248 231 25764
248 260 28948
248 474 9489
249 89 13986
249 90 26577
249 114 7135
249 208 29884
249 319 7445
249 336 23896
249 390 15711
249 454 8254
249 470 12607
250 9 3131
250 130 17654
250 150 5914
250 190 1556
250 344 28315
250 378 22430
250 412 26787
250 414 20532
250 416 24034
250 510 27925
251 0 16690
251 74 6782
251 84 1282
251 125 11574
251 136 11420
251 144 2433
251 151 4303
251 153 17069
251 159 13381
251 216 13190
251 327 3494
251 386 28429
251 444 25756
251 464 14948
252 6 9989
252 43 29578
252 62 358
252 105 6014
252 124 15120
252 159 19660
252 179 6792
252 324 6292
252 348 22213
252 359 6194
252 367 23575
252 395 31396
252 423 2201
252 458 5825
252 478 22574
253 15 1911
253 22 19107
253 62 13139
253 106 24322
253 140 7704
253 173 14445
253 175 7888
253 205 809
253 219 27648
253 239 18987
253 282 9616
253 297 29070
253 303 9384
253 313 15644
253 359 4488
253 372 1795
253 383 25354
253 452 9887
253 489 4180
253 504 29800
254 109 16949
254 216 22365
254 221 21840
254 268 11052
254 285 12528
254 289 832
254 300 13010
254 330 30255
254 358 20085
254 409 13071
254 420 18596
254 425 10906
254 432 28489
254 450 4210
254 451 31118
254 469 624
255 1 6928
255 14 9336
255 208 3856
255 279 7605
255 409 32738
256 46 2774
256 99 16350
256 107 29362
256 140 28582
256 189 3215
256 198 28102
256 251 26287
256 383 7972
256 493 9104
257 9 5969
257 114 31720
257 156 25004
257 196 9012
257 207 31026
257 362 3795
257 437 20801
257 442 15673
257 451 9045
257 466 22974
258 30 7757
258 93 2675
258 102 12349
258 201 6337
258 237 11452
258 251 26785
258 254 12489
258 393 27268
258 412 6353
258 454 8725
259 21 14951
259 171 11812
259 182 9028
259 232 18829
259 239 27480
259 262 30300
259 279 19081
259 332 7383
259 339 20457
259 341 12962
259 433 9470
259 463 21110
260 36 20408
260 105 1638
260 229 17253
260 246 3205
260 249 9247
260 373 10460
260 428 16449
260 462 16909
260 490 24288
261 2 10559
261 42 12439
261 138 30028
261 242 28462
261 253 2828
261 340 17542
261 359 15079
261 368 24525
261 421 18154
262 16 20817
262 199 29256
262 235 30173
262 238 13107
262 313 1899
262 368 6290
262 378 6330
262 385 11265
262 451 26842
262 507 21097
263 119 16271
263 131 23277
263 142 18623
263 154 4356
263 160 18876
263 198 11158
263 287 19935
263 349 28269
263 401 22731
264 49 4761
264 81 11764
264 107 2986
264 202 2612
264 232 1506
264 281 32453
264 307 2817
264 421 21266
264 467 11170
264 503 24223
265 18 20569
265 20 13727
265 27 30798
265 151 31898
265 156 6849
265 161 207
265 179 7815
265 209 3912
265 219 1962
265 442 3843
265 493 31252
266 0 25428
266 13 25392
266 95 29012
266 96 20619
266 247 823
266 271 22769
266 276 18828
266 291 169
266 389 13582
266 485 31250
267 39 27118
267 63 3048
267 67 28382
267 177 14218
267 197 21837
267 261 1182
267 273 31641
267 318 15626
267 487 9122
267 496 80
267 498 24663
268 117 15086
268 169 82
268 173 27114
268 228 4701
268 298 7468
268 372 22297
268 395 32348
268 405 10424
268 501 21817
269 42 21150
269 45 32073
269 233 8577
269 347 14632
269 361 30023
269 378 2984
269 407 4128
269 490 31798
270 40 29688
270 46 13686
270 120 26744
270 267 7160
270 272 17230
270 283 1293
270 337 6410
270 405 24614
270 473 23970
271 62 7626
271 78 7302
271 231 76
271 233 15022
271 243 6356
271 266 19595
271 321 22666
271 390 22497
271 498 8703
272 56 5481
272 83 30544
272 97 5641
272 98 21884
272 115 2000
272 170 27101
272 174 2563
272 184 18821
272 221 20769
272 232 17909
272 368 31705
272 382 6705
272 384 24175
272 405 22711
273 163 31751
273 164 11972
273 179 18596
273 208 17499
273 216 12065
273 285 17251
273 289 12102
273 302 6235
273 405 15678
273 441 7774
273 448 18127
273 459 25947
273 470 9735
273 504 1303
274 7 3687
274 19 25639
274 89 10502
274 153 25356
274 162 2039
274 172 18234
274 189 2447
274 228 98
274 236 24173
274 267 21126
274 311 10819
274 349 19043
274 373 963
274 460 7518
274 502 4897
275 71 9572
275 165 23201
275 236 29037
275 268 24689
275 489 30786
276 15 903
276 33 6873
276 41 19954
276 53 11738
276 193 20126
276 227 17143
276 331 27560
276 433 15106
276 487 25149
276 494 17980
277 65 3043
277 110 17982
277 167 17425
277 172 15283
277 175 20565
277 200 7786
277 229 21599
277 304 16951
277 353 30689
277 373 619
277 413 10348
277 415 22712
277 509 5733
278 107 18406
278 291 9543
278 356 27240
278 374 27245
278 469 20708
278 478 25413
279 64 5813
279 144 26736
279 302 4891
279 347 29790
279 350 20081
279 413 635
279 416 28263
280 44 11130
280 74 27059
280 208 10247
280 213 8129
280 214 5022
280 265 28029
280 267 15714
280 270 1313
280 306 219
280 387 15127
280 434 6609
280 440 24171
280 481 24290
280 510 14789
281 53 17102
281 59 10249
281 181 14467
281 215 4068
281 234 3174
281 305 23528
281 507 22787
282 3 15215
282 12 23765
282 33 27795
282 43 27188
282 52 26585
282 54 32303
282 127 16723
282 131 14620
282 181 28403
282 305 2708
282 331 1963
282 422 5710
282 423 31707
282 451 8501
283 154 5734
283 178 20523
283 188 12066
283 199 12283
283 217 16497
283 255 30800
283 292 13309
283 297 24783
283 299 27923
283 331 4541
283 418 6195
283 484 10349
283 486 32278
283 497 4932
284 24 24698
284 82 577
284 83 2776
284 176 32662
284 179 9281
284 222 2939
284 233 24489
284 239 27346
284 274 4583
284 294 22585
284 309 24500
284 415 20382
284 485 10883
284 509 26332
285 1 6085
285 41 11292
285 130 18580
285 152 16183
285 208 7064
285 309 6012
285 340 16539
285 391 20739
285 462 31075
285 499 18305
286 25 9576
286 60 15892
286 192 10033
286 282 9646
286 386 7056
286 464 6232
286 495 30273
287 175 9557
287 221 31599
287 223 6120
287 304 21575
287 366 13099
287 399 27380
288 38 8122
288 104 227
288 115 16504
288 146 31433
288 299 29365
288 340 18879
288 352 28891
289 0 8900
289 11 3399
289 21 27557
289 68 25458
289 190 30366
289 202 20428
289 247 11931
289 305 24908
289 347 14807
289 371 10214
289 406 18680
289 468 5504
290 10 19974
290 19 5027
290 40 28228
290 78 272
290 140 15470
290 151 15697
290 201 24210
290 256 14800
290 409 4352
290 447 500
290 478 19745
291 59 11511
291 62 10406
291 69 7264
291 84 15408
291 228 32522
291 245 14364
291 278 8607
291 321 10232
291 333 20992
291 339 27374
291 420 8419
291 458 18963
292 51 21519
292 77 20459
292 101 15786
292 273 25789
292 285 27838
292 436 10165
292 468 10527
293 3 9024
293 66 8411
293 82 24759
293 84 32766
293 103 29408
293 132 12464
293 211 4002
293 305 5842
293 338 17805
293 393 21139
293 431 13375
294 9 10534
294 23 10947
294 53 7043
294 78 14827
294 95 9735
294 163 1529
294 184 30220
294 210 14217
294 222 23374
294 245 5408
294 337 26775
294 342 4373
294 352 12337
294 416 680
295 11 152
295 29 20033
295 158 8144
295 239 28422
295 266 13888
295 322 16941
295 348 7278
295 456 13514
295 489 14230
295 497 29930
296 29 7813
296 84 9960
296 102 6980
296 265 5978
296 349 17267
296 369 11695
296 404 20827
296 437 14655
297 15 18609
297 41 1594
297 46 5126
297 116 27341
297 124 4972
297 247 12428
297 272 15266
297 373 21355
297 375 17556
297 412 31996
297 414 30483
297 463 32473
297 468 303
298 25 6823
298 108 19561
298 143 16236
298 179 12297
298 181 6637
298 189 30488
298 207 2488
298 241 30390
298 311 13102
298 332 14596
298 343 27939
298 437 27941
298 482 31791
299 0 18309
299 9 28113
299 54 15597
299 75 28289
299 122 30256
299 150 5136
299 175 5254
299 181 10862
299 270 29991
299 324 5717
299 395 15313
299 402 1563
299 452 24137
299 483 22210
299 484 18445
300 25 30847
300 78 7967
300 90 5129
300 191 5478
300 218 12570
300 267 5509
300 304 2607
300 338 2413
300 405 3997
300 424 11072
300 460 26087
301 18 7355
301 128 10206
301 204 1967
301 262 28521
301 348 2649
301 405 17476
301 497 11110
302 29 32679
302 49 6375
302 72 12480
302 73 32022
302 105 21725
302 173 13600
302 251 4762
302 273 16067
302 284 23613
302 297 31813
302 381 3456
302 438 27431
302 487 10258
303 15 23714
303 56 15984
303 72 16643
303 78 13478
303 102 7736
303 141 21114
303 177 28675
303 236 15829
303 262 112
303 312 4663
303 355 23974
303 367 3284
303 409 29016
303 429 3703
304 14 29476
304 40 27296
304 124 4901
304 172 7178
304 183 11483
304 266 28220
304 279 9092
304 340 18036
304 460 1472
305 27 22544
305 31 25914
305 62 19564
305 129 21931
305 232 32553
305 257 20223
305 293 22934
305 338 14486
305 394 29312
305 409 10548
305 442 1189
305 465 3580
306 27 32336
306 32 3949
306 99 15699
306 187 14708
306 233 11949
306 396 25750
306 422 10166
306 440 4675
306 488 25314
306 506 23698
306 507 23333
307 26 25303
307 120 32134
307 196 9510
307 238 2333
307 315 3805
307 368 1607
307 419 18573
307 497 32116
307 499 12482
308 18 15894
308 37 29369
308 95 5066
308 101 5783
308 124 7481
308 148 25459
308 151 5083
308 196 129
308 209 10834
308 211 24186
308 330 11485
308 365 3230
308 494 18422
309 20 4894
309 36 3737
309 70 23637
309 107 16625
309 114 15694
309 163 15633
309 169 7201
309 203 21878
309 244 13744
309 289 24828
309 366 28068
309 379 8338
309 487 19204
309 492 7773
309 494 15375
309 499 22260
310 35 1151
310 187 2277
310 197 4580
310 202 12185
310 235 6220
310 251 2972
310 352 4244
310 386 25052
310 411 31924
310 455 30902
311 24 4571
311 65 31038
311 78 2176
311 105 10812
311 143 11709
311 157 19447
311 168 32488
311 170 8666
311 219 7950
311 296 25677
311 326 6283
311 368 12024
311 439 10125
311 483 6743
311 504 23406
312 34 6176
312 37 28174
312 103 28733
312 212 24439
312 241 15099
312 350 2982
312 370 10465
312 391 30917
312 396 27119
312 462 25917
312 477 9210
312 484 2808
313 89 12487
313 91 10333
313 110 7660
313 151 13255
313 307 13734
313 326 15239
313 489 19772
314 35 29100
314 103 32459
314 138 2569
314 153 29168
314 292 9398
314 331 15732
314 497 14559
315 35 21471
315 52 25471
315 133 757
315 181 10868
315 271 19465
315 377 3604
315 420 25100
315 491 15780
316 78 22004
316 107 27433
316 221 25900
316 231 1667
316 263 15908
316 297 907
316 327 23187
316 362 485
316 445 19198
316 465 11699
316 479 30611
316 483 16970
317 38 21166
317 266 16262
317 271 895
317 300 14155
317 304 17545
317 338 2011
317 364 8379
317 366 1189
318 54 5708
318 71 32472
318 82 32009
318 107 26591
318 130 29588
318 199 7905
318 229 6278
318 239 6498
318 266 2008
318 273 26371
318 466 3122
318 486 1020
319 115 25366
319 146 20668
319 232 29101
319 407 14975
319 494 27243
319 499 11928
320 24 16378
320 61 24535
320 64 19329
320 70 3218
320 190 14407
320 327 19133
320 360 31675
320 383 6799
320 418 19650
321 63 23393
321 309 7579
321 331 22898
321 374 125
321 449 9789
322 9 364
322 27 16269
322 142 19102
322 148 24801
322 154 17159
322 250 11983
322 277 17271
322 283 17230
322 325 11175
322 358 23037
322 375 10063
323 28 24407
323 33 17468
323 74 7318
323 94 23042
323 304 9020
323 310 8920
324 73 29651
324 114 3179
324 152 4767
324 180 28910
324 258 13299
324 343 11308
324 345 4233
324 385 19721
324 501 20507
325 112 25180
325 163 18164
325 170 17486
325 262 672
325 365 2848
325 462 7772
326 123 26746
326 264 5564
326 303 14953
326 343 3782
326 396 11435
326 440 25222
327 18 28407
327 44 22324
327 81 6219
327 87 4497
327 253 18566
327 348 7214
328 7 25285
328 36 31101
328 49 32046
328 92 13150
328 267 31425
328 274 30119
328 302 32066
328 455 3451
328 479 6882
329 148 23413
329 293 26279
329 459 21201
329 507 9799
330 83 20486
330 285 11058
330 325 3860
330 337 7180
330 344 26522
330 349 6447
330 405 27286
330 449 18684
330 473 17606
330 491 25499
331 17 26804
331 28 2347
331 56 18838
331 73 5060
331 188 19482
331 215 7228
331 308 16223
331 348 29802
331 437 29355
331 445 26668
331 466 29835
331 492 19221
332 51 23842
332 111 15144
332 195 16790
332 282 5807
332 297 7598
332 358 28236
332 427 6997
333 16 13282
333 17 13007
333 32 22404
333 121 20120
333 142 13625
333 158 1041
333 351 20837
333 371 6697
333 397 3795
333 401 14197
333 496 30410
334 31 27062
334 105 10674
334 120 30819
334 213 20629
334 289 21698
334 353 21418
334 426 15029
334 461 31418
334 486 17047
335 79 13797
335 160 9904
335 164 1551
335 226 23025
335 291 16752
335 308 25366
336 25 31779
336 77 18378
336 91 27289
336 112 7232
336 176 32416
336 197 5071
336 221 18887
336 226 15401
336 260 20073
336 290 29516
336 333 7907
336 367 13370
336 379 16439
336 391 30505
337 14 4710
337 24 7806
337 25 103
337 85 25978
337 186 3561
337 213 3305
337 218 10861
337 340 28347
337 354 8076
337 376 13037
337 416 31613
337 419 2157
337 428 9108
338 84 10218
338 85 12716
338 139 4856
338 170 8527
338 182 18089
338 312 15116
338 354 16566
338 422 11173
339 55 27198
339 61 5484
339 104 5183
339 142 872
339 232 20202
339 354 14354
339 370 15144
340 40 24055
340 149 23541
340 257 10204
340 362 362
340 411 10021
340 458 22949
340 506 20168
341 34 6754
341 57 6556
341 89 6102
341 95 294
341 205 29138
341 214 8548
341 342 15316
341 365 17208
341 410 312
341 477 8623
341 489 8646
342 44 19580
342 116 31668
342 123 12246
342 126 19747
342 170 23737
342 202 19616
342 272 3485
342 312 30669
342 351 2537
342 373 27853
342 381 3274
342 409 2122
342 448 16475
342 472 19821
342 485 15556
342 501 31112
343 75 743
343 125 17953
343 195 24734
343 291 25390
343 404 9027
343 409 20624
343 417 18598
344 2 27565
344 28 12236
344 98 23784
344 195 12584
344 214 17343
344 263 11233
344 333 25979
344 369 11155
344 445 23115
344 472 3270
344 478 25148
345 58 22960
345 77 10509
345 104 27083
345 148 3603
345 204 11689
345 236 17154
345 289 15120
345 338 24900
345 344 21048
345 364 16511
345 376 18238
346 44 11102
346 227 6629
346 304 13725
346 394 7841
346 411 30952
347 30 8168
347 51 22781
347 61 20722
347 98 14313
347 105 30277
347 110 31069
347 134 21663
347 152 16708
347 153 24802
347 188 21786
347 283 19894
347 287 13884
347 289 13251
347 373 10951
347 443 24043
348 21 25188
348 34 15080
348 76 24232
348 191 23711
348 195 8108
348 271 18150
348 303 21104
348 402 4147
348 470 31885
348 489 31209
349 22 23422
349 48 22422
349 67 31839
349 302 9773
349 329 26088
349 337 22871
349 448 26964
349 493 31519
350 32 25773
350 149 2954
350 150 6729
350 198 21623
350 285 25608
350 301 20099
350 339 18205
350 491 23230
350 508 12765
351 3 4434
351 127 21105
351 282 16011
351 287 8451
351 392 25873
351 440 7512
351 469 29096
352 39 19318
352 42 2526
352 90 6946
352 124 19517
352 154 17904
352 176 9879
352 296 7630
352 351 8497
352 425 24487
352 489 7027
353 16 18655
353 124 17946
353 126 9873
353 147 26181
353 170 32359
353 188 17025
353 193 18611
353 229 16917
353 314 5940
353 354 20234
353 406 1933
353 421 9053
353 424 28736
353 454 27015
353 466 19608
354 137 29115
354 176 16830
354 192 27702
354 223 10827
354 240 31744
354 252 838
354 341 5020
354 405 5527
354 440 26722
354 447 30940
354 496 661
355 25 14839
355 29 9274
355 33 5299
355 145 20618
355 184 23745
355 326 8124
355 470 32543
356 195 5431
356 257 13402
356 301 26439
356 403 20941
356 499 20589
357 17 10110
357 33 6093
357 106 21035
357 134 15126
357 506 666
358 1 23892
358 45 7247
358 88 22337
358 237 25657
358 267 27205
358 277 8068
358 308 22783
358 318 7940
358 419 12180
358 471 18516
359 34 27023
359 115 3067
359 178 22262
359 220 10487
359 247 11450
359 276 9073
359 442 3189
359 475 26638
360 19 31418
360 50 20141
360 91 20185
360 143 31177
360 147 22667
360 319 32126
360 350 12462
360 354 8300
360 359 24079
360 363 14480
360 448 16699
360 459 24458
360 470 3749
361 18 22884
361 47 18168
361 74 23453
361 165 13799
361 283 16729
361 313 6579
361 349 19596
361 461 15457
361 473 24433
361 486 6186
362 13 32564
362 51 5786
362 87 26831
362 169 12597
362 177 30666
362 274 1391
362 275 10893
362 292 7796
362 310 9276
362 384 1018
362 452 27439
363 20 21791
363 51 6344
363 160 25537
363 449 29273
363 464 20597
363 471 24532
363 473 20499
364 27 20411
364 57 7391
364 118 2587
364 190 32591
364 244 18927
364 304 24483
364 313 1580
364 315 9275
364 318 2459
364 332 28206
364 433 501
365 38 12233
365 67 25810
365 165 11865
365 203 3747
365 232 23449
365 296 32110
365 473 5241
365 491 7968
366 14 16684
366 116 30839
366 186 132
366 212 23382
366 291 19575
366 306 12980
366 325 5753
366 339 17210
366 343 22805
366 358 24274
366 452 29144
366 473 23908
367 8 24983
367 50 1490
367 172 730
367 173 24150
367 309 13768
367 325 10145
367 360 4877
367 363 4903
367 446 2402
367 457 22741
368 11 11540
368 166 16798
368 275 15916
368 286 16176
368 351 8895
368 485 28120
369 19 13186
369 103 434
369 111 26801
369 285 20044
369 346 61
369 405 7922
369 431 32423
369 458 24667
369 467 4421
370 150 7180
370 210 8939
370 231 21789
370 287 13039
370 306 6660
370 376 30623
370 388 29067
370 488 12037
371 19 516
371 55 19826
371 87 29866
371 145 6671
371 157 20502
371 192 26354
371 234 27262
371 250 1932
371 339 2003
371 407 20324
371 488 23148
371 497 20906
372 59 22802
372 106 7334
372 200 8860
372 235 607
372 240 5899
372 244 17822
372 290 16097
372 387 32308
372 452 3618
372 455 2184
372 475 868
372 498 9990
372 500 18148
373 28 4283
373 35 26979
373 49 22299
373 52 6743
373 75 27372
373 103 13599
373 341 5343
373 442 30430
373 466 15871
373 484 12466
374 72 26570
374 109 21751
374 132 4893
374 151 6971
374 183 10976
374 224 14087
374 237 18325
374 316 2457
374 387 9908
374 438 822
374 467 27604
375 71 10482
375 85 25219
375 238 27361
375 311 4808
375 315 25519
376 6 14536
376 11 30438
376 121 20148
376 154 26276
376 165 23308
376 208 841
376 253 7693
376 397 26120
377 4 14435
377 47 18526
377 55 1125
377 101 4800
377 223 13159
377 230 22841
377 254 6807
377 292 30358
377 297 18559
377 305 26697
377 307 28624
377 337 11987
377 379 3559
377 415 8915
377 435 6359
377 439 23478
378 28 6031
378 225 17083
378 252 23900
378 381 12716
378 385 32104
378 434 17640
378 436 49
378 501 29287
379 101 351
379 114 30181
379 127 8218
379 153 28309
379 498 4879
380 42 10241
380 91 29580
380 143 8105
380 147 19352
380 238 7275
380 240 20987
380 264 18413
380 299 25336
380 375 24310
380 430 3316
380 439 29859
380 449 16202
380 481 1147
381 3 12582
381 49 8120
381 92 28392
381 101 15224
381 170 31175
381 351 7325
381 378 22579
381 434 6870
382 113 3471
382 148 3213
382 259 13985
382 275 19599
382 277 29154
382 319 28000
382 384 861
382 394 15771
382 504 1412
383 125 32499
383 153 5345
383 156 15539
383 189 22548
383 211 24430
383 323 18479
383 374 5100
383 418 3563
383 438 7281
383 461 11600
384 30 10296
384 98 4701
384 144 19491
384 147 15071
384 273 14211
384 302 26846
384 359 27231
384 381 28400
384 416 20896
384 421 7772
384 468 28773
384 473 2019
385 0 25156
385 16 13675
385 139 4936
385 172 29616
385 176 2456
385 504 31713
386 60 16156
386 96 27855
386 168 19523
386 174 20718
386 231 8604
386 381 24053
386 412 27031
386 429 14016
386 454 20125
386 505 22804
387 5 4354
387 153 1646
387 175 32675
387 209 25788
387 256 15771
387 260 19586
387 261 10356
387 293 28902
387 359 32502
387 431 29833
387 476 11370
387 492 11726
388 14 6978
388 28 25375
388 126 4169
388 178 6920
388 214 27137
388 221 12503
388 295 2818
388 342 3033
388 357 9974
388 405 29095
388 417 32147
388 468 10679
389 1 27559
389 138 15681
389 236 3998
389 259 874
389 262 11599
389 286 26885
389 307 20870
389 329 8019
389 359 30835
389 432 26674
389 479 23624
390 92 32307
390 101 11571
390 109 16791
390 156 21835
390 163 21071
390 212 23200
390 231 13423
390 249 31906
390 314 25984
390 326 16974
390 354 26428
390 366 22596
391 57 24499
391 70 2239
391 112 6943
391 166 19172
391 192 15746
391 207 11559
391 225 4231
391 230 10010
391 233 19020
391 334 17197
391 403 7125
391 404 21655
391 414 2659
391 417 27796
391 445 23501
391 447 10685
391 502 9097
392 116 120
392 136 25877
392 143 12825
392 154 26371
392 250 9734
392 308 17850
392 367 32600
392 399 27760
392 406 7612
392 419 666
392 501 24192
393 217 26605
393 277 32580
393 288 18685
393 365 28847
393 455 11442
393 507 6833
394 59 3206
394 122 26922
394 217 1387
394 248 29121
394 310 22099
394 315 3878
394 325 22036
394 351 13096
394 362 11460
394 372 19624
395 66 8989
395 92 30607
395 214 31713
395 239 18616
395 246 21437
395 284 7816
395 415 11886
395 442 8659
395 446 11904
396 6 14152
396 16 27965
396 39 28035
396 106 25640
396 142 19103
396 218 3680
396 229 15987
396 235 9438
396 240 15912
396 246 23435
396 252 18820
396 273 5228
396 286 18075
396 385 5632
397 65 16184
397 76 9362
397 90 18150
397 121 27929
397 177 1494
397 188 24480
397 192 10147
397 221 23631
397 271 4952
397 431 18097
398 6 19122
398 51 17053
398 63 11880
398 146 26789
398 210 20307
398 317 5478
398 450 26343
398 467 25313
399 2 27762
399 26 15677
399 115 18554
399 169 21846
399 172 32537
399 205 4135
399 349 8416
399 386 16315
399 426 14687
400 50 5619
400 148 30460
400 151 23502
400 183 19063
400 321 15303
400 330 30088
400 430 14192
400 490 22880
400 500 20313
401 121 1067
401 174 14303
401 302 14838
401 315 27126
401 334 29289
401 455 9284
401 458 28934
401 473 4923
402 73 1476
402 86 4558
402 310 29501
402 327 16919
402 332 30992
402 399 29634
402 440 20467
403 27 9574
403 46 27461
403 71 30002
403 110 27735
403 242 8308
403 251 4008
403 292 30736
403 421 2137
403 470 18925
404 16 7821
404 33 23274
404 217 26785
404 274 8629
404 367 4664
404 383 30516
404 456 26465
404 496 10210
404 497 25706
405 12 22387
405 28 1751
405 76 12374
405 141 19828
405 150 2879
405 155 24016
405 162 26763
405 264 22763
405 265 6539
405 285 29316
405 293 18271
405 306 28132
405 359 6629
405 446 12650
406 3 14643
406 35 1685
406 40 18212
406 43 12950
406 76 14336
406 100 32416
406 113 18089
406 138 3113
406 379 9187
406 427 10294
406 491 2687
407 0 30313
407 11 5363
407 46 23421
407 126 20957
407 148 9567
407 249 23693
407 308 14890
407 337 2523
407 416 17035
407 468 26483
407 479 15962
407 504 28369
408 23 28970
408 37 19728
408 58 4334
408 80 4661
408 137 19912
408 226 177
408 296 22864
408 342 25538
408 419 26265
408 469 27598
408 478 20803
409 32 9079
409 73 7121
409 96 1731
409 118 13431
409 160 26210
409 233 11392
409 283 22778
409 326 9876
409 410 7268
409 416 22419
410 0 637
410 37 20045
410 82 11843
410 88 8781
410 92 27936
410 111 4030
410 192 20831
410 247 19068
410 284 25369
410 316 25842
410 386 18067
410 466 20476
411 79 24990
411 146 21174
411 160 6896
411 396 22217
411 438 3186
411 488 29341
412 31 3694
412 92 27945
412 103 17945
412 162 31515
412 189 12545
412 288 9701
412 290 29575
412 350 4780
412 358 3935
412 439 28433
412 443 21201
412 462 19754
412 473 7951
413 57 32134
413 62 29200
413 137 8761
413 153 16882
413 167 20065
413 237 26512
413 300 32379
413 415 24343
413 447 31069
413 469 28773
414 75 2564
414 79 32529
414 135 10508
414 161 23065
414 199 3679
414 229 26220
414 297 15068
414 325 7003
414 353 4396
414 392 16330
414 472 3656
415 60 14137
415 65 4972
415 84 20917
415 118 18377
415 291 10149
415 329 2283
415 378 23882
415 392 13563
415 401 22630
415 407 30302
416 35 11597
416 89 18917
416 93 20268
416 145 13620
416 164 27893
416 165 32169
416 277 2841
416 305 19205
416 482 26699
417 34 7623
417 59 29783
417 60 8301
417 63 17923
417 103 7337
417 182 12672
417 203 5109
417 301 26997
417 314 27741
417 363 25591
417 390 4980
417 391 31554
417 446 4693
417 471 31308
417 501 29585
418 186 28478
418 248 21946
418 287 12609
418 381 27798
418 396 26032
418 482 32016
418 490 21938
419 7 18112
419 52 24624
419 73 22917
419 96 17396
419 100 24249
419 105 25910
419 221 10386
419 407 19436
419 427 7346
419 451 25752
419 504 28003
420 50 20723
420 55 11833
420 78 1765
420 85 12267
420 102 680
420 146 27916
420 159 4522
420 235 8715
420 249 11985
420 282 19995
420 387 17871
420 484 12687
420 493 14212
420 502 30551
420 509 4836
421 50 20618
421 206 23665
421 245 30849
421 330 29600
421 365 28922
421 366 5314
421 372 25401
421 434 30475
421 488 28490
422 34 26332
422 71 26582
422 224 9657
422 226 8908
422 323 2809
422 431 3872
422 449 8578
423 197 13004
423 232 24159
423 287 14450
423 299 11347
423 338 3212
423 376 25810
423 394 7041
423 469 22588
423 476 19958
423 508 1606
424 110 16000
424 152 11956
424 176 10905
424 241 24888
424 299 2415
424 427 8944
425 140 26969
425 203 2084
425 219 16030
425 264 7336
425 272 9220
425 284 26007
425 311 2644
425 355 30147
425 392 17678
425 486 361
426 18 9560
426 25 1019
426 59 8179
426 105 18238
426 152 14399
426 163 12912
426 179 7397
426 189 4875
426 391 30021
426 450 22112
427 31 12730
427 104 3660
427 179 13195
427 318 10666
427 340 4561
427 384 2445
427 439 1894
427 446 5709
427 494 4716
427 509 9456
428 26 10278
428 126 7544
428 152 2658
428 233 2256
428 254 28027
428 394 25712
428 511 12860
429 163 29798
429 172 1840
429 192 28027
429 232 23290
429 237 22549
429 252 7253
429 372 17729
429 406 15425
429 408 27340
429 503 5886
430 40 10016
430 71 3231
430 268 14876
430 383 20715
430 403 13017
430 462 466
430 500 1274
431 12 9728
431 17 32155
431 44 20071
431 71 19495
431 104 16044
431 184 28762
431 415 20995
431 495 31020
432 14 17140
432 118 14222
432 154 17108
432 202 13823
432 205 10870
432 335 13227
433 42 2130
433 56 18061
433 75 15501
433 123 18956
433 151 7307
433 228 5886
433 293 16326
433 308 8955
433 322 17801
433 350 9348
433 383 6980
434 0 29362
434 79 9337
434 137 831
434 200 9991
434 280 13953
434 312 2507
434 410 14568
435 150 8744
435 227 964
435 236 27110
435 271 10034
435 275 27200
435 288 1747
435 374 2375
435 472 7999
435 481 24691
436 52 16126
436 106 31993
436 170 4622
436 246 21108
436 298 6599
436 387 19162
436 390 20579
436 395 28578
436 469 26992
437 2 19555
437 25 2936
437 108 17992
437 127 4375
437 262 31356
437 290 31672
437 312 22920
437 314 12908
437 326 9105
437 367 1224
437 476 11229
437 491 18297
437 500 12102
438 12 753
438 106 13214
438 186 23717
438 195 1584
438 237 6864
438 274 17426
438 278 32319
438 441 20595
438 450 717
439 26 26830
439 43 21610
439 99 24894
439 121 14318
439 137 16871
439 171 15230
439 197 17181
439 199 18888
439 359 8483
439 364 9375
439 369 28937
439 466 4732
439 485 1333
439 498 21236
440 222 13308
440 265 3630
440 292 4164
440 426 14311
440 506 20425
441 7 27895
441 137 10545
441 232 12398
441 298 9009
441 310 24375
441 341 29024
441 356 11338
441 373 23438
441 395 11307
441 456 4009
441 457 11274
442 191 5665
442 265 30428
442 318 4030
442 391 4946
442 404 2973
442 420 18764
442 466 4746
442 477 23963
442 478 12980
443 212 16793
443 214 27008
443 249 14846
443 354 4
443 361 15068
443 477 18161
444 4 11961
444 44 1850
444 55 24968
444 94 20728
444 99 31648
444 100 22254
444 131 30673
444 135 20262
444 400 21353
444 480 26272
444 490 9208
444 494 16048
445 74 1873
445 136 18486
445 236 18843
445 256 5809
445 308 10363
445 318 9476
445 321 20377
445 334 17680
445 353 10362
445 380 7509
445 393 32227
445 400 7456
445 443 23983
445 509 19130
446 40 1343
446 58 20380
446 218 32281
446 389 9105
446 399 31552
446 401 18941
446 430 22810
447 80 21279
447 112 20299
447 116 9469
447 183 28026
447 227 14574
447 232 25564
447 412 4873
448 110 29496
448 119 12743
448 317 15246
448 324 4708
448 389 23133
449 8 15476
449 21 10747
449 54 22059
449 78 31672
449 83 26517
449 128 12275
449 143 2829
449 223 22955
449 253 1008
449 277 12728
449 462 4561
449 501 10601
450 81 2707
450 156 20223
450 174 17781
450 176 20959
450 195 12756
450 240 32195
450 257 24228
450 336 2723
450 462 32638
450 467 16776
450 490 2159
451 5 16734
451 40 22284
451 180 23877
451 182 17026
451 188 3518
451 214 28621
451 253 14711
451 285 10364
451 294 10130
451 334 18392
451 388 3175
451 406 18727
451 492 22042
452 2 25263
452 60 18572
452 201 4894
452 227 11766
452 326 19729
452 369 8200
452 467 16365
452 475 11586
453 80 1069
453 159 8212
453 189 19372
453 244 3986
453 284 9411
453 334 26572
453 428 1533
453 432 24081
454 20 42
454 33 30966
454 281 21577
454 300 14998
454 349 12862
454 373 26160
454 396 31930
454 412 19021
454 508 21896
455 65 10716
455 101 6734
455 143 19272
455 189 17588
455 228 31676
455 384 6145
455 492 16237
456 21 2362
456 45 15436
456 46 14723
456 57 9474
456 83 12478
456 120 19888
456 187 9826
456 218 25543
456 238 4177
456 271 31813
456 299 32701
456 371 30463
456 381 12570
456 439 4111
456 440 32352
456 491 17635
457 26 14599
457 31 32693
457 42 31420
457 200 4771
457 208 22696
457 221 13948
457 314 32308
457 362 28883
457 374 26999
457 395 28721
457 410 11247
457 437 556
457 443 12223
457 491 2374
457 504 21208
458 1 30469
458 23 13028
458 28 28986
458 53 29418
458 107 10222
458 190 19267
458 197 7652
458 218 26497
458 334 12086
458 337 9240
458 361 3293
458 465 6851
459 17 1375
459 34 9424
459 67 26849
459 77 26235
459 164 30887
459 223 13727
459 246 26023
459 262 12199
459 355 8489
459 470 19867
459 476 30443
459 500 20555
460 58 18382
460 82 16738
460 102 7943
460 126 31140
460 205 14393
460 234 27397
460 236 7249
460 286 11141
460 288 19078
460 298 13406
460 304 27443
460 451 5682
460 476 21074
461 26 21199
461 45 16395
461 134 26984
461 167 25975
461 178 25864
461 263 13075
461 274 24915
461 325 5307
461 366 20314
462 1 20588
462 56 27909
462 83 16974
462 105 11892
462 276 14775
462 364 1177
462 385 28831
462 398 3950
462 490 25500
463 47 31636
463 90 13530
463 175 29600
463 291 1547
463 323 30137
463 334 13594
463 335 2640
463 381 17168
463 469 3654
463 491 28972
463 503 1151
464 14 22273
464 29 22839
464 65 18604
464 136 32660
464 199 14059
464 203 5228
464 235 26040
464 252 11900
464 333 19591
464 340 26196
464 386 31653
464 432 12404
464 437 31595
464 463 7488
465 84 5347
465 104 25739
465 143 22270
465 152 32570
465 208 11185
465 234 26249
465 347 995
465 420 3267
465 438 29215
466 82 24332
466 98 13180
466 130 2362
466 304 4498
466 347 27694
466 412 12215
466 440 24091
466 469 24858
466 509 14105
467 124 22252
467 250 18500
467 303 26830
467 332 2956
467 360 12878
468 7 3741
468 11 20869
468 44 25735
468 90 21849
468 137 9050
468 167 1667
468 199 13204
468 261 14262
468 274 25163
468 418 1419
468 484 21643
468 491 17921
469 51 2367
469 199 29695
469 208 25701
469 279 26212
469 288 19026
469 295 1789
469 315 7892
469 320 17502
469 418 22110
469 487 933
470 57 2638
470 179 32121
470 254 8396
470 307 27166
470 349 16287
470 363 28673
470 374 12420
470 376 14524
470 507 12087
471 36 26659
471 37 24591
471 81 12805
471 116 20535
471 255 114
471 356 159
471 405 22416
471 430 21756
471 457 11088
471 472 16672
472 23 22303
472 29 2536
472 40 2332
472 146 2225
472 192 12822
472 218 22506
472 253 15277
472 261 13460
472 378 19837
472 419 22390
472 465 2262
472 476 23205
472 511 5891
473 75 30144
473 175 3245
473 199 7918
473 240 6311
473 274 29516
473 352 14723
473 453 1407
473 492 5117
473 497 28540
474 104 22103
474 119 15315
474 177 20016
474 191 27365
474 198 30390
474 209 13382
474 228 29691
474 261 17186
474 357 16482
474 478 12661
474 495 16561
475 5 10802
475 122 12839
475 291 24926
475 365 30297
475 403 17793
475 407 24671
475 449 32728
475 500 31384
476 297 2275
476 329 20074
476 359 21953
476 443 5287
477 24 25069
477 73 27271
477 85 6079
477 97 19638
477 101 19327
477 133 21272
477 177 28754
477 257 12112
477 269 32147
477 383 19045
477 404 26093
477 418 20969
477 431 10983
477 493 13604
478 43 13262
478 114 34
478 158 26078
478 183 16771
478 235 17277
478 291 18882
478 418 8059
478 454 10851
478 458 16594
478 498 30230
479 42 30637
479 162 11560
479 164 22166
479 190 3107
479 242 3562
479 302 25220
479 369 9524
479 401 32060
479 419 13696
480 19 9370
480 21 10073
480 32 14691
480 110 22886
480 205 7596
480 208 26616
480 225 28460
480 278 9885
480 282 22434
480 306 26300
480 344 28653
480 348 23869
480 385 7287
480 474 24527
481 5 23103
481 20 23105
481 60 31988
481 119 14591
481 160 1084
481 222 10726
481 258 13196
481 424 19769
482 70 1836
482 93 28145
482 98 21355
482 109 12637
482 178 23331
482 216 20577
482 227 11773
482 336 26937
482 447 26186
482 476 29104
482 479 30895
483 24 18033
483 80 13379
483 119 10644
483 146 26787
483 265 30069
483 316 1647
483 390 31075
483 440 16290
483 449 27867
484 254 19970
484 495 5165
484 501 28960
485 48 20435
485 83 27580
485 274 27007
485 400 17122
486 17 23229
486 26 16758
486 165 22308
486 173 5361
486 276 14935
486 288 1790
486 298 30281
486 310 4378
486 437 26237
486 464 11409
487 27 14776
487 59 23052
487 123 23982
487 191 13201
487 219 12574
487 227 10665
487 261 8900
487 319 20291
487 333 28124
487 467 8669
488 42 4264
488 44 18245
488 66 7740
488 123 19828
488 363 3124
488 506 16687
489 62 1047
489 70 13432
489 72 9124
489 142 20055
489 168 25416
489 184 6702
489 203 30656
489 320 3613
489 432 13645
489 468 15147
490 1 17125
490 4 7967
490 10 32192
490 248 12566
490 292 12004
490 300 18108
490 472 12529
491 21 25379
491 176 2942
491 345 9021
491 450 10376
492 27 20257
492 60 2985
492 70 32745
492 116 6028
492 150 22775
492 212 32213
492 217 2593
492 283 26225
492 340 5026
492 350 11284
492 372 15500
493 14 10958
493 62 32473
493 119 30551
493 208 7704
493 215 14518
493 257 13265
493 302 27901
493 310 1701
493 359 19026
493 384 13002
493 426 31786
493 469 32075
494 14 25135
494 101 21457
494 209 12717
494 218 29951
494 282 27553
494 315 3424
494 352 19678
494 369 23473
494 379 29012
494 399 5400
494 423 7404
495 27 12326
495 153 24343
495 221 19918
495 318 25604
495 347 11491
495 440 20073
495 475 22851
496 97 2551
496 100 19941
496 111 18586
496 194 11933
496 382 19038
496 400 16805
496 444 17362
497 5 14478
497 8 19505
497 129 6205
497 297 5871
497 409 18677
497 424 14177
497 426 30631
497 466 5437
497 479 6869
497 493 385
498 39 24433
498 56 6832
498 91 13675
498 198 30261
498 200 12352
498 248 17154
498 255 31009
498 294 20569
498 408 24336
498 468 5014
498 478 3984
498 508 23342
499 3 25541
499 17 3018
499 18 27886
499 20 8081
499 161 15432
499 162 16291
499 188 24901
499 269 14466
499 306 32740
499 363 32609
499 427 21621
499 446 12497
499 460 1639
499 496 7445
499 509 20853
500 65 14688
500 169 21455
500 261 30082
500 264 21359
500 270 21434
500 271 23002
500 327 24184
500 331 32445
500 338 32186
500 400 19376
500 403 18664
501 33 6293
501 118 10074
501 172 8825
501 246 31557
501 277 8236
501 296 13196
501 302 4505
501 325 19771
501 400 2844
501 427 9808
501 460 10100
501 498 25533
502 3 24524
502 15 31283
502 21 10495
502 105 20239
502 138 18095
502 144 32568
502 194 9951
502 217 3817
502 241 15648
502 337 17313
502 363 17161
502 429 4103
502 438 6420
502 452 5916
502 491 24354
503 78 26136
503 192 28378
503 203 31176
503 221 7563
503 275 21255
503 278 21335
503 384 15401
503 413 28134
503 446 28580
503 449 28522
503 478 11579
503 501 7856
504 22 7831
504 34 14634
504 39 3536
504 52 20588
504 69 30475
504 91 27267
504 146 31011
504 165 7333
504 253 11631
504 309 26396
504 421 25403
504 435 7744
504 437 8737
504 474 31609
505 6 8320
505 13 20018
505 28 30904
505 38 14102
505 110 31362
505 121 17054
505 130 19519
505 175 25940
505 221 27301
505 243 20122
505 274 22534
505 428 24199
505 483 24580
505 494 31427
506 0 25599
506 11 12253
506 24 9852
506 80 27855
506 84 6223
506 148 25412
506 158 30907
506 202 2595
506 208 11206
506 234 14881
506 309 2878
506 328 19019
506 359 31994
506 371 21764
507 0 29584
507 46 14440
507 79 20703
507 177 11856
507 260 31064
507 315 11582
507 408 28034
507 417 20494
507 448 26974
507 475 26790
508 13 24395
508 37 2599
508 55 17825
508 152 750
508 167 16743
508 311 10001
508 391 19760
508 402 27087
508 480 9173
508 495 15484
509 74 20439
509 128 22721
509 152 25252
509 182 8916
509 190 14220
509 261 32409
509 263 14682
509 280 11905
509 301 27714
509 322 30198
509 348 24069
509 390 6740
510 24 18322
510 99 3467
510 212 24975
510 229 18474
510 232 14327
510 303 27400
510 352 18366
510 363 10686
510 403 12380
510 430 30223
511 92 28587
511 105 9617
511 125 16076
511 127 21193
511 247 6425
511 323 29835
511 327 13999
511 340 32214
511 420 5271
511 445 18743
511 458 28669
511 472 3999
511 496 5515
