1024 3290
0 854 7381
1 270 21988
1 739 8298
2 233 19275
2 834 318
2 1000 806
3 443 26895
3 653 9003
3 864 27092
4 136 17055
4 528 7017
4 591 12547
5 50 6641
5 241 26626
5 244 15393
5 252 29327
5 289 3958
5 676 273
5 931 31197
6 258 451
6 701 31838
7 182 1735
7 693 26141
8 797 5105
8 863 10826
9 188 3179
9 258 11918
9 846 32738
9 861 6743
10 218 29373
11 32 10823
11 72 25418
11 126 8952
11 663 30543
11 828 19472
12 20 22602
12 201 4597
12 211 29608
12 998 11440
13 55 5318
13 823 20091
14 146 13355
14 689 19662
15 516 30684
16 714 20845
16 782 5942
17 729 17209
17 776 21964
18 131 30816
18 226 29033
18 367 18298
18 603 387
18 955 29351
18 1000 13924
19 645 30353
19 760 16140
20 425 9042
20 549 21049
21 17 9103
21 91 19562
21 994 16589
22 5 14121
22 208 10680
22 222 12008
22 415 9202
22 640 30417
22 683 31936
22 725 8098
22 1008 4513
23 156 23010
23 370 13646
23 420 4179
24 626 11278
24 853 23313
24 894 17898
25 569 30440
25 883 12989
27 309 12793
28 256 1068
28 373 26766
28 523 18710
28 614 21529
28 653 12469
30 207 31414
30 701 13582
30 830 22641
31 88 500
31 694 7489
32 82 5679
32 379 3434
32 586 23073
32 593 22105
32 781 23648
33 53 351
34 213 28916
34 408 29742
34 437 10904
34 505 32272
34 554 27587
34 740 26078
34 744 11195
34 874 17880
35 100 5842
35 323 22582
35 653 26742
35 872 7364
36 383 28179
36 440 6902
36 732 10915
36 738 19979
37 802 10783
37 969 23545
38 152 29580
38 631 26041
38 710 20387
38 773 6604
38 816 24321
38 1004 21648
39 596 13259
39 870 31681
39 1000 9756
41 521 15141
41 774 24783
41 940 21167
42 195 16389
42 795 20248
42 953 28708
43 312 30731
43 327 3014
43 398 462
43 407 22582
44 56 20089
44 424 32143
45 440 17145
45 449 26836
45 865 23487
45 920 2057
46 199 8389
46 591 2929
46 614 1687
46 815 26009
47 614 31186
47 948 23646
48 854 30493
49 53 28627
49 288 6670
49 345 17231
49 606 7619
49 941 11081
50 34 2598
50 237 21110
50 402 29210
50 898 16944
51 109 7021
51 968 32500
52 68 26518
52 470 21763
52 596 7520
53 498 8839
53 605 19920
53 784 4640
54 215 13058
54 550 16205
54 973 7965
55 265 23807
55 974 32005
56 570 27582
56 771 13888
56 912 14884
57 168 9267
57 407 22380
57 946 23646
58 84 24341
58 107 4130
58 256 25209
58 452 13417
58 715 2843
58 995 11026
59 22 17491
59 187 29839
59 367 14314
59 629 7534
59 735 20162
60 138 24776
60 370 14379
60 427 4814
60 454 10965
60 967 12374
60 1020 21074
61 238 11329
61 272 1274
62 45 9844
62 239 14879
62 478 17711
62 623 26080
62 1005 6919
63 732 11353
64 104 5651
64 135 12373
64 342 31274
64 540 8412
64 576 5964
64 621 26143
64 737 9262
64 767 31494
65 118 26416
65 237 13733
65 256 18315
65 373 20267
65 573 1637
65 767 10270
65 795 2659
66 366 3482
66 389 24617
66 399 7585
66 896 885
66 992 13089
67 85 271
67 999 8821
67 1010 28592
68 9 2556
68 350 28581
68 454 1208
68 758 8327
68 984 5693
69 14 25687
69 135 7045
69 589 19041
69 687 5226
69 744 10767
69 877 27750
69 929 20287
69 1017 2324
70 67 16800
70 91 1258
70 706 25261
71 509 1222
71 703 27658
72 723 26703
72 861 17261
73 48 28327
73 75 419
73 369 29622
73 522 13554
73 576 2376
74 736 25689
75 543 4068
75 670 17268
76 347 32614
77 425 30203
78 158 24324
78 304 28352
78 363 29972
78 411 7500
78 613 22421
78 683 6859
78 828 18759
78 834 30795
79 327 23620
79 777 13583
80 19 27765
80 181 28654
80 587 15523
80 867 24700
81 702 1500
81 901 2384
82 337 31805
82 419 4757
82 459 12981
82 541 4990
82 575 10064
83 14 23152
83 293 16705
84 41 14437
84 444 10031
84 1010 31376
85 223 3804
85 444 2057
85 834 27140
85 835 7329
85 906 32229
86 362 9499
86 434 12024
86 972 8977
89 660 6455
89 674 22163
91 48 28185
91 633 30266
92 108 14119
92 177 16932
92 926 9622
92 931 10347
93 998 22328
94 29 2076
95 93 5030
95 243 14186
95 544 20799
95 808 12070
96 13 14068
96 668 8706
96 821 3362
96 994 25642
97 88 18043
98 63 23353
98 148 14908
98 731 7238
98 1013 21307
100 41 1779
100 56 31083
100 518 12269
100 934 2362
100 1015 27333
101 570 343
101 738 16822
101 774 31365
101 800 28548
101 830 6472
102 8 25251
102 92 22463
102 185 9984
102 242 22436
102 423 19999
102 786 3662
102 790 10288
103 5 20524
103 142 25775
103 465 24193
103 993 4772
104 492 22902
104 622 9780
104 714 8916
105 316 19077
105 428 27769
105 597 21362
105 720 12616
105 850 3752
106 236 11659
106 358 9985
106 948 12295
108 448 32617
108 679 23023
108 908 4032
108 989 4002
109 83 31141
109 341 3834
109 367 9952
109 416 8459
109 798 32420
109 843 1789
110 225 5801
110 724 27804
111 364 6366
111 651 6100
111 886 11361
112 590 12968
113 268 24693
113 744 2381
113 844 28917
114 500 27036
114 725 18340
114 801 396
115 202 13722
115 984 9428
116 294 31788
116 665 3496
117 20 15818
117 454 11120
117 482 27372
117 542 14035
117 563 5904
117 824 333
118 84 9226
118 932 27468
119 16 13800
119 248 10386
119 263 22720
119 615 26277
119 829 101
120 117 20222
120 243 3411
120 676 31762
120 797 4592
120 930 3586
121 78 746
121 547 18067
121 581 26819
121 806 23494
122 286 25119
122 527 28295
122 919 28853
123 360 23226
123 507 6042
123 786 5052
125 17 21694
125 358 11975
125 405 26387
125 949 8612
126 88 5
126 325 10129
126 842 22722
127 114 18470
127 247 26382
128 185 21641
128 532 1427
128 843 8436
129 415 1549
129 512 23757
129 630 278
130 293 30756
131 263 26881
131 469 7247
132 380 3707
132 416 23892
132 534 20989
132 610 14802
132 789 20774
132 916 24156
132 1023 13296
133 334 10609
133 443 23624
133 522 7171
133 551 21016
134 293 28847
134 498 25420
134 684 23794
134 724 30730
134 800 32173
134 969 32261
135 941 9093
136 69 25182
136 283 11738
136 417 17492
136 458 8443
136 895 21823
137 66 27754
137 394 402
137 909 8729
138 106 31894
138 189 19343
138 355 11421
138 541 3604
138 991 23305
139 68 29894
139 134 1104
139 345 23059
139 518 289
139 755 20263
140 365 26324
140 620 25570
140 622 16173
140 924 7866
141 26 27667
141 30 4097
141 117 13844
141 507 9403
142 359 19418
142 540 8086
142 838 24533
143 54 7124
143 177 20368
143 294 13890
143 719 3205
144 322 14055
144 472 7055
144 555 18269
144 954 17429
145 185 23031
145 314 22157
146 35 22046
146 103 3992
146 446 18696
146 578 24822
147 146 2300
147 483 10444
147 524 28125
147 971 27402
148 398 11590
148 713 963
149 774 13961
150 441 22658
150 457 9417
150 469 13065
150 674 1700
150 719 3846
150 796 28256
151 42 15068
152 444 3729
152 538 4586
152 807 4568
152 976 19025
153 904 17258
153 926 16916
153 1017 14863
154 141 31176
154 525 485
155 61 11298
155 341 6121
155 533 12453
155 538 15531
156 589 30446
156 641 11483
156 837 889
157 32 10302
157 193 26053
157 385 27329
157 521 11574
157 725 20965
158 474 29882
158 725 12387
158 897 16402
159 44 6422
159 923 23961
160 290 8217
160 661 14030
161 218 30646
161 226 19128
161 370 30938
162 302 29145
162 674 17067
162 914 9892
164 591 21241
164 715 16438
164 717 11200
165 177 1600
165 252 16765
165 285 11524
165 900 20334
166 44 32150
166 455 4782
166 637 25232
166 784 22961
167 216 13074
167 519 26173
167 765 13891
167 995 8365
168 674 18211
169 33 23444
170 29 31380
170 113 3048
170 127 32202
170 929 14497
170 973 8455
171 120 15088
171 517 12278
171 558 5921
171 661 21637
171 1007 11733
172 150 21538
172 237 19924
173 168 27345
173 178 4734
173 229 26697
173 325 30756
173 694 4108
173 1000 2750
174 367 17460
174 511 19848
174 571 29003
174 714 13094
174 1005 28143
175 47 19750
175 235 32340
176 731 9129
176 776 11490
176 852 2356
177 808 15327
178 126 778
178 154 16180
178 296 26381
178 963 14987
178 1010 28973
179 25 14789
179 215 14925
179 535 16215
179 581 19679
179 631 19884
179 778 21446
180 169 5765
180 351 8548
180 781 21896
180 924 22527
180 999 3056
181 198 23462
181 624 17754
182 52 9408
182 673 14372
182 815 27449
183 181 11251
183 389 18681
183 821 9157
184 933 26370
185 117 26585
185 259 19252
185 922 11115
186 172 19636
186 519 5683
187 16 21967
187 139 2488
187 205 18348
188 220 17888
188 267 17526
188 394 11
188 673 4663
189 130 1201
189 144 9631
189 469 5953
189 605 28923
189 610 776
190 24 14039
190 104 27564
190 224 498
190 232 21283
190 483 28191
191 94 30255
191 134 20200
191 184 3652
191 363 32735
191 525 32178
191 543 25370
192 438 774
192 498 23731
192 519 23078
192 524 12604
192 564 26094
192 569 25533
192 743 14394
193 222 31126
193 681 20684
193 748 5823
193 864 9689
195 411 13033
195 587 22512
196 218 5652
196 610 9880
196 688 3839
197 247 20942
197 870 21039
198 10 29784
198 27 22753
198 436 31952
198 450 21765
198 519 27221
199 54 18832
199 439 22622
199 509 26731
200 72 7360
200 288 7944
201 28 14376
201 110 23511
201 458 10408
201 504 867
201 800 15231
202 322 27754
202 837 27623
203 77 16200
203 195 24868
203 371 16491
203 544 31529
203 857 23705
203 987 12024
204 95 11498
204 340 3970
204 356 25585
204 691 4906
204 884 4295
204 1004 26413
205 234 2669
205 334 3313
205 537 26842
205 577 1884
206 106 14107
206 172 25601
206 569 20918
206 940 13698
206 975 12960
207 597 8840
207 882 9937
208 381 14145
208 661 8976
208 723 10301
208 865 20323
209 394 10690
210 769 19680
210 825 7927
210 855 28767
210 858 24317
211 129 9926
211 565 3133
211 606 18221
211 721 28829
211 879 953
211 1000 11260
212 11 27518
212 52 18847
212 312 27109
212 605 21395
213 324 581
213 386 24355
213 780 15147
213 991 15031
214 211 19163
214 748 12550
214 947 5463
215 633 28116
215 856 17842
216 215 16407
216 331 6654
216 350 2434
217 71 6376
218 61 23936
218 101 23299
218 652 32076
218 990 32042
218 1016 13749
219 448 15624
219 506 6449
219 577 19082
219 923 22304
220 7 16740
220 773 15853
220 804 2629
220 806 30700
221 76 20615
221 304 26731
221 722 26099
222 215 31295
222 292 24932
222 427 22038
222 768 3913
222 812 7998
222 975 2628
223 15 20677
223 306 16398
223 850 16665
224 720 2547
225 150 20553
225 218 19504
226 131 28411
226 694 28489
227 247 21999
227 283 10235
227 353 3151
227 962 28231
227 1021 27613
228 168 6356
228 341 31916
228 669 27378
228 757 16773
228 766 13091
228 935 15023
228 1018 3757
230 59 20492
230 466 2757
230 921 720
231 425 2955
231 465 8865
231 743 29762
232 808 24045
232 982 28754
233 133 21243
233 702 13552
234 25 26399
234 54 28106
234 496 4654
236 82 18511
236 138 13575
237 938 2395
238 337 3142
238 606 14582
238 1015 2342
239 118 22223
239 333 9203
239 361 639
239 577 26074
239 959 202
240 7 26656
240 673 23577
240 853 20537
240 965 20741
241 83 32438
242 411 19580
242 449 332
242 569 6150
242 728 3610
242 1005 9178
243 150 27038
243 647 19985
243 677 24618
243 733 2872
243 921 9166
244 332 16672
244 376 24584
244 953 21769
245 103 20334
245 202 10882
245 540 21732
245 756 21280
245 916 6844
246 454 18015
246 711 20181
247 626 5825
247 820 26556
248 466 18486
248 906 10533
248 982 15041
249 502 23612
249 602 17831
249 681 27188
251 845 3466
252 437 12423
252 910 22701
252 1022 10896
253 792 3209
254 143 23170
254 904 8543
255 200 17260
255 604 8311
256 116 6360
256 376 25218
256 546 16354
257 880 12344
257 955 22233
257 1000 19487
259 370 3642
259 862 26068
260 0 22490
260 80 31567
260 921 26481
260 1007 31791
261 709 16812
261 906 12376
262 421 1594
262 699 8382
263 191 10352
263 348 6587
263 495 16279
263 532 9653
263 534 8527
263 559 28378
263 782 1850
263 898 30398
264 458 31297
265 664 28108
265 881 941
266 25 8075
266 35 4197
266 925 26887
267 134 3248
267 552 19807
267 568 5430
267 785 8896
268 100 25755
268 790 28783
268 954 20958
269 374 17024
269 784 29561
269 821 20608
269 855 6915
269 1023 3107
270 224 19208
270 749 30611
270 841 11149
272 913 25960
273 975 360
275 671 295
275 785 29510
276 16 5953
276 259 27721
276 321 25957
276 327 3551
276 679 21862
277 996 32485
278 86 18488
278 154 13238
278 243 27721
279 456 32721
279 662 31093
279 937 25676
280 429 11336
280 615 7484
280 665 3535
280 1000 12183
280 1004 7821
281 109 27768
281 178 17982
281 547 3311
281 720 24086
282 462 20299
282 494 20915
282 633 28064
283 83 21299
283 282 32418
284 276 15940
284 1012 27577
285 84 29000
285 249 9761
285 486 10527
285 518 7270
285 833 8501
286 436 28832
286 887 12611
287 418 31189
287 761 2187
288 115 28510
288 421 3948
288 528 5212
288 785 25587
288 860 17110
288 923 2328
289 375 26984
289 451 8828
290 211 574
290 330 13681
290 565 26910
290 749 420
290 783 3471
290 837 239
290 1010 10741
291 211 4732
291 223 8661
291 263 11689
291 501 13389
292 503 17264
292 514 2620
292 545 8480
292 709 15480
293 214 7363
293 251 9314
293 407 5379
293 900 6609
294 16 25843
294 520 28406
294 607 27235
294 790 30444
295 360 3753
295 854 31589
296 652 31559
296 779 5378
296 851 10808
296 864 8767
297 49 17655
297 98 1558
297 220 14221
298 85 14987
298 107 14097
298 223 2887
298 583 26725
298 997 1447
299 2 28875
299 40 3977
299 244 1942
299 727 25969
300 147 4816
300 165 31969
300 846 12498
300 882 28412
300 957 1394
301 117 2555
301 158 6074
301 585 182
301 867 20196
302 287 4328
302 911 32248
303 401 13599
303 751 31151
304 19 27732
304 21 24160
304 211 22894
304 340 7741
304 361 30610
304 688 11413
305 346 29332
305 355 5743
305 362 4684
305 493 28557
305 767 1167
305 1021 31328
306 14 23015
306 266 11805
306 298 28
306 392 27191
306 739 1328
308 47 8290
309 354 18998
309 394 14196
309 527 4082
309 667 15117
309 878 23442
310 130 16709
310 139 4077
310 896 5278
310 958 930
310 988 17429
311 1023 24463
312 36 17097
312 873 28227
313 9 22197
313 19 13135
313 51 14604
313 524 7219
313 745 27051
313 777 9695
313 850 28387
313 897 2166
313 904 10189
313 950 18237
314 126 6879
314 180 14143
314 575 29063
314 704 24753
314 727 32064
314 827 23465
315 81 21437
315 198 19860
315 764 11131
315 859 5802
316 87 5461
316 98 22936
316 162 26319
316 698 20693
316 725 1983
316 726 31164
316 782 18911
316 844 27308
317 24 23110
317 292 29047
317 465 5836
317 587 14371
317 599 3529
317 872 6661
317 988 17254
317 1017 1624
318 619 9807
319 44 26172
319 256 1621
319 276 31707
320 571 18278
320 602 7707
321 145 18519
321 601 18122
322 887 17037
323 294 14240
323 971 10559
324 74 11691
324 650 7895
324 1002 21120
325 200 24426
325 627 7131
326 270 10839
326 578 32366
326 865 29132
326 936 15563
327 244 18165
327 928 16738
327 942 6597
329 297 10111
329 405 23243
329 467 9538
329 718 13414
330 5 3233
330 636 21985
330 955 9558
331 269 23443
331 286 29150
331 789 19547
332 720 9516
333 211 15194
333 524 29899
334 425 5143
334 582 13974
335 7 4329
335 69 9282
335 777 8046
335 1019 13967
336 231 17458
336 365 29372
336 705 10619
336 781 17969
337 41 6414
337 413 31395
337 497 15390
337 543 4206
337 568 6366
337 574 17410
338 535 20625
338 622 29431
338 630 8530
338 777 22251
339 276 7300
339 381 1771
339 994 6377
340 320 5374
340 411 30511
340 472 14450
340 518 17603
340 720 25077
340 767 15748
341 685 16159
341 740 3556
341 864 6213
342 774 18292
342 941 8355
343 424 21047
343 476 6517
343 731 20055
345 62 6795
345 843 9846
346 560 30521
346 800 31741
346 913 30330
347 121 21344
347 423 1196
347 527 19154
347 537 26240
348 643 23864
349 46 19008
349 332 2594
349 1010 2494
350 27 24084
350 396 20484
350 771 2141
351 124 5072
351 801 12606
351 831 25689
352 83 25304
352 153 8449
352 348 10386
352 395 10517
352 633 13029
353 805 6708
354 617 16930
354 812 2987
354 933 31062
355 406 32309
356 258 26591
356 285 21546
356 629 26759
356 668 9758
356 762 2295
356 843 27492
357 467 9804
357 839 4221
357 850 28466
357 957 18552
357 981 361
358 113 4286
358 322 17666
358 442 339
358 477 17249
358 729 10209
358 774 16285
359 868 14482
360 39 15129
360 151 7690
360 582 522
360 850 26690
361 271 25507
361 522 12771
361 635 29710
361 737 8406
362 79 24532
362 288 5232
362 291 12408
362 507 2388
362 642 11171
362 776 16043
362 971 11256
362 998 22007
363 408 31691
363 505 8671
363 713 1084
364 420 30301
364 605 2891
365 344 5799
365 529 25190
365 751 3608
365 836 10885
366 122 20749
366 919 19053
367 550 26594
367 660 18359
368 88 18795
368 94 19474
368 305 10045
368 559 16179
368 980 23887
369 273 4726
370 128 22935
370 204 9416
370 344 26685
370 725 26108
371 330 17609
371 712 29620
371 782 8152
371 887 8709
372 39 2607
372 239 23385
372 911 21295
373 590 28261
373 797 32068
373 1003 5393
374 328 4037
374 560 30742
374 616 904
375 590 28611
375 807 19219
376 32 31999
376 88 11201
376 323 24542
376 406 8571
376 919 28115
376 941 28433
377 50 6981
377 772 3294
377 947 3350
378 5 26191
378 191 26889
378 1008 4978
379 95 5111
379 364 11575
379 535 29153
379 767 643
379 917 32546
380 566 28745
380 568 31191
380 748 29553
380 963 28062
381 109 16224
381 712 23259
381 747 3547
381 982 14711
382 190 32479
382 423 25160
382 617 20789
382 637 18560
382 745 14374
382 956 34
383 265 26351
383 401 19132
383 844 30733
383 1020 16542
384 46 9721
384 635 5858
385 866 24025
385 926 30879
386 121 8860
386 132 3659
386 223 3717
386 280 14579
386 479 16920
386 950 30538
387 333 13192
387 678 25583
387 873 9043
387 965 845
387 1002 32271
388 297 31015
388 899 31094
389 170 18040
389 307 24798
389 309 9956
389 405 17177
389 634 32445
389 864 5711
390 149 29719
390 184 10147
390 195 7315
390 232 9621
390 302 1617
390 587 21790
391 327 32035
391 823 4286
391 879 12252
391 925 4070
392 67 1709
392 133 27687
392 356 6043
392 565 19946
392 771 31801
393 112 1904
393 747 4652
393 835 25283
393 924 23285
394 198 23148
394 620 29746
394 899 10742
395 117 30011
395 139 10323
395 490 28042
395 594 5841
395 723 24723
396 67 1682
396 148 21923
396 393 25643
396 496 28024
396 944 29128
397 125 11491
397 384 11622
397 428 23586
397 451 12664
397 656 19973
397 851 27684
397 1008 10426
398 109 14772
399 554 22688
399 709 20237
399 807 25622
399 958 12737
400 558 25051
401 377 15888
401 466 26439
402 204 21531
402 377 13552
402 434 3021
402 686 5144
402 1016 8147
403 19 6833
404 8 28459
404 242 2268
404 752 15571
405 92 17170
405 758 18773
406 148 9297
406 312 17184
406 340 30296
406 493 22790
406 678 8185
407 160 31748
407 198 22482
407 450 9428
407 773 14164
407 875 18924
407 907 24084
408 800 28644
409 236 11264
409 308 2981
409 359 32
409 972 30089
410 516 23211
410 811 11596
410 912 26974
410 938 17347
411 87 8720
411 100 11432
411 243 18308
411 467 25472
411 487 13173
412 525 23837
413 79 31125
413 458 7261
413 569 4124
414 753 20036
414 969 17406
415 625 4596
415 683 32479
416 27 869
416 124 29426
416 158 29824
417 236 14035
417 760 19422
417 821 12409
417 983 20633
418 18 7341
418 342 10530
418 395 221
418 884 19035
418 1017 32037
419 215 226
419 222 29357
419 335 29436
419 489 27597
420 12 27099
420 251 3939
420 475 29552
421 402 18761
421 707 20860
422 394 28537
422 433 23947
422 689 20934
423 121 32195
423 206 12959
423 292 17479
423 465 4122
424 190 19246
424 803 3715
425 45 9189
425 49 28828
425 251 13598
425 797 28465
425 903 29606
426 178 7178
426 251 5700
426 969 24030
427 66 2729
427 290 22762
427 500 32314
427 888 5240
427 911 14502
428 272 29661
428 400 32226
428 643 2191
428 995 17431
429 135 22604
429 646 16724
429 749 23969
429 864 22421
430 437 12652
431 413 23302
432 221 25468
432 683 27026
433 820 24432
435 77 25653
435 384 6146
435 650 9975
436 581 31161
436 711 18848
436 780 21680
437 287 2441
437 306 13398
437 387 27525
437 564 18063
438 248 3367
438 446 23551
438 453 16176
438 584 15203
438 656 20232
439 553 24807
439 944 10366
440 0 11543
440 755 1345
441 178 3596
442 289 8107
443 71 206
443 467 209
443 640 8284
443 725 660
443 726 15382
444 529 91
444 563 2655
445 705 31975
445 930 26288
445 933 10647
446 71 1831
446 218 2590
446 481 24869
446 866 28759
446 997 21449
446 1020 11236
447 108 28913
447 286 10923
447 546 26659
447 659 19722
447 756 1066
448 32 6770
448 595 4105
448 978 20247
449 182 18445
449 199 6252
449 422 1982
449 550 23760
449 624 5862
450 397 20629
450 435 28813
450 523 18019
450 525 3025
451 433 9965
452 16 27796
452 141 22840
452 328 12679
452 765 21621
452 829 3143
453 84 14640
453 231 12053
454 431 21491
454 861 13225
455 481 20985
456 244 18925
456 820 12729
456 912 12140
457 178 717
457 272 4878
457 412 17465
458 110 12310
458 177 8906
458 553 30662
458 653 28514
458 975 23920
459 903 2460
460 12 16955
460 173 23099
460 475 18070
461 85 13316
461 276 22661
461 660 7893
461 664 20098
461 680 30009
461 967 24818
462 39 8141
462 682 25194
463 527 10830
463 612 10512
463 885 31106
464 148 30322
464 551 19793
464 552 22089
464 909 1637
465 36 28044
465 64 26183
465 84 5980
465 177 25716
465 338 12271
465 770 2754
465 858 17407
465 871 26517
465 891 24593
466 244 31275
466 920 13579
466 996 458
467 315 5507
468 87 22020
468 243 29749
468 347 17961
468 379 22314
468 391 3014
468 551 12116
468 572 3718
468 664 19262
468 747 29519
468 928 8316
469 88 27085
469 148 20480
469 443 16498
469 587 10351
469 788 15695
470 144 1156
470 357 4832
470 491 2874
470 579 15685
470 935 20691
471 513 5206
471 939 28075
471 993 19639
472 18 12747
472 133 30126
472 867 4899
473 60 6828
473 291 21628
473 434 28127
473 515 25397
473 558 27420
474 19 5266
474 48 19726
474 450 20197
474 588 16371
474 825 32031
475 335 32000
475 709 17632
475 815 32404
475 954 22771
476 61 14580
476 849 20257
477 518 20878
477 864 28647
478 370 5901
478 417 5818
479 487 20570
479 713 16665
479 854 26607
480 64 20022
480 197 31343
480 412 18049
480 925 26433
480 985 24463
481 425 1998
481 914 28622
482 419 4954
482 714 7874
482 806 18657
482 981 26951
483 345 16218
484 789 4323
484 989 7468
485 30 30629
485 41 22449
485 834 25472
485 979 10926
489 394 14864
489 780 27141
490 783 5099
490 870 23087
490 1009 18260
491 61 86
491 747 24180
491 752 21137
492 192 18220
492 405 6673
492 767 29522
493 5 8848
493 143 16233
493 153 32016
493 840 25255
493 848 18097
493 912 8292
494 100 25990
494 667 4574
495 101 24910
495 226 264
495 298 22207
496 240 26573
496 368 16170
496 986 28972
497 207 26195
498 160 27311
498 359 1258
498 681 22289
498 979 2276
499 586 4831
499 616 7142
500 219 22946
500 416 21905
500 748 16422
500 757 1655
500 1016 7099
501 86 1529
501 148 27136
501 196 10240
501 542 10354
501 582 7074
502 242 23745
502 533 26015
502 675 5104
502 861 10476
503 17 2499
503 424 22767
503 751 13895
504 759 20890
504 984 7929
505 236 9500
505 414 5876
505 636 9002
505 646 363
506 481 13095
506 674 1912
507 1 952
507 16 31442
507 56 20642
508 141 27559
508 702 28497
509 104 32445
509 286 16658
509 345 26561
510 129 30615
511 89 11476
511 174 30582
511 826 28456
512 413 10315
512 536 24744
512 759 12388
512 851 6283
513 235 16648
513 331 18200
513 706 725
513 801 15429
514 14 8439
514 200 6605
514 287 26775
514 814 16526
514 834 17957
515 345 7936
515 1008 22782
516 11 15492
516 136 11567
516 168 5477
516 172 28442
516 301 7494
516 977 15008
517 381 28555
518 172 4665
518 191 14896
518 274 21214
518 396 7231
518 802 26462
518 869 9205
518 883 25081
519 60 28427
519 194 16431
519 410 19473
519 879 32133
520 342 8405
520 363 32139
521 164 6060
521 745 20180
522 84 22694
522 112 17022
522 437 4939
522 542 10258
523 250 11377
523 259 27095
523 463 14008
523 799 9075
523 803 7654
524 396 26999
524 492 31021
524 505 17679
524 711 27989
525 241 13032
525 401 9620
525 538 29092
525 737 12146
525 758 19701
525 842 4327
525 940 2328
526 684 24414
527 88 10802
528 344 21612
528 397 24737
528 407 6865
528 518 32710
529 134 1817
530 10 14327
531 94 3664
531 110 32757
531 296 20764
531 560 22340
532 72 26992
532 461 31289
534 667 24376
534 861 2280
534 945 11539
535 430 14203
535 629 7799
536 139 3929
536 228 20977
536 672 23608
536 691 22394
536 734 31805
537 256 1947
537 436 16766
537 913 1414
538 718 21119
538 1014 10709
539 864 1055
539 944 7221
540 267 23751
540 509 15344
541 628 9890
541 672 13592
542 88 18458
542 364 22886
542 534 6506
542 607 18420
542 620 18012
542 941 29943
543 621 30785
544 4 22134
544 52 1182
544 224 27775
545 244 14673
545 427 4630
545 501 7260
545 600 10390
545 714 17565
546 51 14426
546 68 17234
546 558 21421
546 570 8745
546 815 21327
546 833 9714
547 905 12745
548 461 7088
549 114 9894
549 387 11419
549 515 5589
550 859 13966
551 221 897
551 500 4851
551 531 2048
551 934 1057
552 94 5530
552 246 18700
552 377 26570
552 416 20098
552 434 28321
552 574 18175
552 685 18418
552 714 17383
552 824 6039
552 922 6022
553 600 19030
553 691 25826
554 167 31059
554 299 64
554 546 1959
555 393 31391
555 467 7447
555 551 23025
555 809 2418
555 832 26194
555 891 17705
555 895 16849
556 118 17148
556 175 26903
557 281 27013
557 385 5303
557 566 1301
558 293 18525
558 551 19990
558 595 17559
558 633 1225
558 802 28359
558 925 7012
558 954 19170
561 44 26102
561 82 8784
561 207 7331
561 433 6923
561 629 23336
561 943 29321
562 58 23803
562 100 30861
562 199 13037
562 606 9169
563 917 13465
564 290 12221
564 609 17516
564 692 8304
564 937 22234
565 266 4998
565 398 4620
566 55 2535
566 65 26778
566 133 22189
566 719 26115
566 796 16366
566 919 13732
567 384 27091
567 623 16485
567 825 18416
568 972 2561
569 301 8796
569 834 21281
570 445 18232
571 0 25912
571 357 16173
571 586 9669
571 762 9738
571 836 31894
571 985 30399
572 29 3817
572 50 20151
572 763 30801
573 282 2498
573 447 13601
573 723 5776
574 83 3961
574 251 12733
574 774 3358
574 896 17806
575 118 13644
575 393 26098
575 395 17239
575 404 9054
575 526 4695
575 968 5627
576 497 3739
576 845 29716
576 877 4103
577 628 29461
577 851 11427
578 592 22840
579 726 25201
580 168 4330
580 405 9924
580 564 14928
580 701 23488
580 747 25349
580 751 27580
580 964 4844
581 672 1689
581 990 8507
582 99 31597
582 217 30176
582 847 22487
583 59 16871
583 67 17864
583 790 12957
583 893 16455
585 273 3451
585 799 30715
585 909 22511
586 760 25139
586 878 15438
587 228 20683
587 807 32229
588 349 24623
588 798 8092
588 888 17777
589 144 18951
589 225 16750
589 544 327
589 745 20358
589 829 5230
589 982 26889
590 208 30767
590 273 32730
590 555 13629
591 150 5266
591 569 13660
591 876 18303
591 887 21994
592 256 18007
592 333 25274
592 823 10137
592 875 28639
592 1020 4639
593 60 21329
593 94 28637
593 454 30875
593 575 15652
593 601 27865
593 805 21651
594 104 28909
594 403 1068
594 951 13630
595 389 30070
595 897 11089
595 996 21437
596 228 22073
596 449 21711
596 495 30637
597 122 13789
598 192 29687
598 1022 6395
599 773 22057
600 500 23408
600 704 22132
601 266 10851
601 902 19839
601 915 8462
602 164 5294
602 210 27761
602 448 3348
602 782 29232
602 809 19356
603 255 3517
603 331 18689
603 875 5119
604 35 15555
604 125 3302
604 141 29291
604 273 30730
604 357 26148
604 626 25770
604 673 10715
604 928 13455
605 11 28872
605 71 12850
605 609 26600
605 639 15716
605 646 29472
605 932 17689
606 114 18796
606 539 6635
606 638 21548
606 770 30235
606 800 20040
607 143 19
607 307 30077
607 581 24253
607 962 29107
609 662 12949
609 833 6057
609 895 15127
609 1017 20607
610 252 29455
610 258 29428
610 910 30081
611 239 29648
611 241 27645
611 513 365
612 752 28845
613 278 20757
613 498 32249
613 540 32112
613 701 4536
613 887 9183
614 21 21836
614 238 30889
614 540 8093
615 824 25014
615 837 16356
616 399 15899
616 553 13667
617 264 6344
617 461 29273
617 771 244
618 123 24783
618 401 24954
618 649 4103
619 53 16171
619 152 29684
619 417 1997
619 623 11032
620 222 12822
620 806 27479
620 860 28237
621 236 27907
621 606 11275
621 848 3424
622 74 13883
622 737 16195
623 692 23566
623 767 9990
623 818 20745
624 23 17951
624 170 20766
624 229 10436
624 779 4533
625 181 10804
625 413 17240
625 847 7179
626 127 25976
626 597 4298
627 270 18976
627 451 970
627 655 21150
628 279 4609
628 707 25460
629 255 3712
629 702 19851
629 727 24484
629 813 21953
630 964 31031
631 225 23702
631 682 15885
632 151 31325
632 633 16115
632 727 24292
633 53 13974
633 130 25461
633 185 9316
633 251 30216
633 321 5985
633 1016 12459
634 268 28869
634 788 17845
635 35 12110
635 89 5241
635 169 25575
635 808 6157
636 468 825
636 486 20226
637 708 30069
638 779 12389
639 620 22543
639 835 29887
639 920 29045
640 177 24906
640 741 8204
640 946 30304
641 778 9979
641 784 29949
641 877 15552
641 1008 23831
642 460 26487
642 678 8940
643 182 1703
643 834 8929
644 68 2074
644 386 15597
644 870 22945
644 878 13025
644 1021 836
645 528 2472
646 510 3706
646 540 10148
646 716 8110
646 807 1812
646 957 18067
647 84 9542
647 181 3268
647 304 29938
647 585 6818
647 998 1280
648 990 15747
649 113 32356
649 393 10298
649 940 29085
650 39 17851
650 219 13896
650 232 8123
650 956 3108
650 970 18786
651 103 28381
651 307 4079
651 343 14530
651 425 19852
651 618 18830
652 21 6080
652 47 25740
652 482 4716
652 692 17830
653 76 32621
653 263 13394
653 460 8417
653 506 2123
653 675 3113
653 927 6589
654 303 28524
654 519 24852
654 671 29846
654 819 27574
654 925 9250
654 963 27970
655 39 16745
655 461 27316
655 1004 22439
656 210 2897
657 79 23640
657 855 4566
658 237 12209
658 427 25802
658 771 513
659 140 6125
660 735 14007
660 822 12235
660 981 19905
660 996 23623
661 91 1663
662 110 29473
662 125 13340
662 350 18323
662 372 31417
662 693 5514
663 260 26701
663 325 18655
664 965 5779
665 298 18115
666 141 31011
666 942 17173
666 984 13869
667 27 30711
667 38 13175
667 159 31514
667 355 5950
667 477 23164
667 496 27216
667 758 9064
668 42 4909
668 173 17133
668 722 1704
670 106 11492
670 555 15477
671 91 28859
671 307 6496
671 522 24322
671 807 7768
672 635 3718
672 846 29141
673 493 31744
673 694 3970
673 754 27120
674 48 30557
674 349 14326
674 694 6539
675 337 29037
675 881 7870
675 944 13994
676 446 26281
676 962 6283
677 7 26274
677 11 7567
677 164 10968
677 485 12668
677 840 26261
677 894 19000
678 488 4371
678 890 18934
679 576 17233
679 956 18621
680 296 25186
680 504 15427
680 980 29350
681 528 27107
682 591 16099
683 941 30553
684 138 8787
684 338 14189
684 341 150
684 515 4806
685 241 15343
685 318 10709
685 715 28480
686 713 18405
686 877 3239
687 295 2481
687 757 17731
688 449 4148
689 156 24167
689 331 7854
690 556 5444
691 132 24386
691 380 29010
691 606 31676
691 673 13760
691 674 26480
692 72 15991
692 323 3496
692 572 6566
692 765 9415
693 173 3242
693 255 26530
693 366 30333
693 436 17829
693 532 11973
693 645 24789
694 693 4701
695 128 31636
695 290 14402
695 416 7010
695 819 4381
696 86 29997
696 332 18221
696 416 14763
696 593 14403
696 769 24376
696 919 26376
697 311 21250
697 314 1201
698 333 27115
698 527 7330
699 296 15289
699 456 28412
699 698 1755
700 20 23112
700 743 20735
700 790 4756
701 351 23745
702 319 29536
702 463 1442
702 958 31285
703 434 1895
704 828 8114
705 450 15296
705 737 29049
706 494 13213
706 522 29862
706 551 25623
706 635 26191
706 912 10570
707 31 6715
707 44 9625
708 45 26249
708 275 7614
708 318 17748
708 358 31589
708 382 17430
708 754 30876
708 827 10614
708 870 22914
709 284 22677
709 320 19106
709 549 24643
711 48 5993
711 477 23353
711 912 564
712 451 22501
712 938 23784
712 953 32659
713 124 2002
713 134 22201
713 176 2419
713 274 821
713 380 18935
713 643 5450
714 9 21681
714 287 20967
714 318 22747
714 340 11399
715 295 31545
715 550 20941
715 687 6454
715 848 27684
716 546 22304
717 357 27052
717 457 585
718 100 30469
718 137 7700
718 963 11766
719 120 448
719 168 30794
719 387 24170
719 503 12517
719 570 22650
720 347 22858
720 490 941
720 596 6144
720 950 23476
721 398 9808
721 654 7528
722 156 19744
722 724 6218
722 751 32515
722 896 30518
723 144 627
723 213 5037
723 298 79
723 433 11679
723 504 9480
724 270 30364
724 450 12843
724 823 31211
724 920 2664
725 298 14207
725 808 2178
725 817 21429
725 880 27749
725 932 2458
726 147 31080
726 374 9723
726 526 15583
726 715 31657
726 785 13183
726 865 27935
727 636 32287
728 458 27187
729 172 12217
729 285 8723
729 417 25478
729 531 3468
729 588 7986
729 863 31437
730 132 6922
730 225 7623
730 547 5118
730 810 15085
730 823 6782
730 1006 7746
731 8 29665
731 717 26997
731 920 20276
732 99 29159
732 482 30074
732 753 22114
732 988 8994
733 183 14621
733 235 5435
733 488 31025
733 835 24237
733 852 18202
734 92 24070
734 647 29211
734 697 19914
735 883 516
736 293 15111
737 601 27102
738 18 22177
738 86 4002
738 325 29890
739 46 13831
740 421 19641
740 448 3618
740 525 27334
740 540 13371
741 231 3571
741 241 31886
741 280 19823
741 383 8886
742 175 8090
743 138 19208
743 893 17814
743 1015 17448
744 85 18336
744 839 29225
744 973 26527
745 264 3896
745 316 30381
745 482 7640
745 906 18235
746 114 12645
746 201 22086
747 695 20761
747 939 25504
748 263 1258
748 462 15715
748 581 24664
748 707 16927
748 855 25969
748 969 4648
749 574 31874
749 742 4404
750 146 26506
750 507 21558
751 207 9937
751 450 12560
752 459 5350
752 697 9955
752 871 15052
752 876 30909
752 936 20134
752 943 2046
752 966 19409
753 301 24914
753 494 28658
753 652 1932
754 461 23154
754 522 10956
754 869 15056
755 500 17728
756 457 11821
756 879 10357
757 12 27924
757 177 26831
757 326 27196
757 476 4030
757 653 28350
758 688 10709
759 201 29998
759 363 9447
759 403 29844
759 647 20286
759 979 13105
759 993 26034
760 178 32747
760 604 15137
760 659 8552
760 794 7164
760 937 16891
761 486 24643
761 792 13459
761 892 7475
761 927 28365
762 711 1341
762 830 6765
763 521 6317
763 578 15612
763 825 24335
763 863 26361
763 998 19914
763 1006 23900
763 1019 10866
764 548 4962
764 615 24176
765 402 1795
765 441 24067
765 456 2923
765 579 13260
765 994 15315
766 383 23822
766 414 20434
766 1000 18322
767 225 32269
767 835 24011
768 401 21317
769 801 16406
770 401 4079
771 110 25911
771 540 32473
771 639 1644
772 196 19645
772 244 26702
772 919 7378
773 402 22150
773 414 29430
774 153 15883
774 194 30948
774 431 19373
774 846 1126
774 940 5250
774 960 17784
775 95 11856
775 354 14121
775 537 8606
776 80 24656
776 521 28963
776 560 2329
776 715 26512
777 436 24891
777 714 4548
778 359 32089
778 752 30126
778 1014 23013
779 499 9918
779 613 15351
779 636 216
780 41 4285
780 694 1990
780 842 5385
780 915 32052
781 293 32706
781 507 30036
781 766 978
781 891 12303
781 975 25643
782 269 2246
782 455 1351
782 595 5414
783 1 20136
783 31 25000
783 599 5885
783 915 6402
784 301 25884
785 28 23121
785 575 3971
786 72 19435
786 161 24316
786 665 14122
787 10 6783
787 162 27839
787 186 28893
787 430 6646
787 719 17153
788 821 15439
789 31 5407
789 148 31304
789 701 11186
789 879 16385
789 935 11906
790 70 281
790 472 13138
790 644 16767
790 921 27653
791 8 4455
791 881 27490
792 55 25361
792 249 12861
792 510 3717
792 571 12792
792 586 13926
793 135 16053
793 525 3745
793 527 18579
793 645 15041
794 15 16248
794 251 25072
794 327 19017
794 544 24440
794 662 27372
794 997 8745
795 115 20299
795 170 22098
795 171 27474
795 329 12046
795 1023 27716
796 113 5608
796 570 30855
796 707 14759
797 206 20068
797 515 17251
798 80 23334
798 119 3361
798 545 21678
798 610 3270
798 634 25630
798 841 9348
798 925 1643
799 65 25403
799 264 6664
799 757 25335
799 989 28320
799 1006 9328
800 325 30689
800 563 1485
800 915 11669
800 944 21643
801 39 17572
801 367 20530
801 677 21162
801 912 11204
802 440 27920
803 818 3834
803 886 21293
803 921 176
803 1010 22973
804 329 21446
804 771 7347
804 806 570
804 820 12085
805 224 27016
805 352 30332
805 639 30204
806 128 23554
806 501 28223
806 696 30910
806 740 9971
807 147 4088
807 621 19091
808 299 12603
808 370 13215
808 552 28461
808 600 31955
808 784 2767
809 153 16005
809 498 17432
809 578 4272
809 973 16463
810 175 25050
810 244 23117
811 458 6197
812 12 29551
812 176 20728
812 263 30768
812 478 29762
812 527 2095
812 614 17863
812 658 21964
813 222 20428
813 475 14666
813 581 1689
813 782 8474
813 915 30172
814 267 1124
814 301 15756
814 519 899
814 706 12125
814 849 6407
815 93 27627
815 175 18762
815 407 1740
815 503 2250
815 590 22558
815 1020 19457
817 329 1289
817 647 21177
817 666 137
818 187 17248
818 248 14144
818 929 32356
819 390 25856
819 592 2319
819 867 15798
819 1009 30408
820 180 21931
820 273 2228
820 933 26307
820 948 21814
821 1018 32398
822 240 25564
822 790 30548
822 899 5431
823 255 4422
823 731 25157
824 283 23133
824 378 12388
824 592 5659
824 851 15656
825 77 26929
825 157 11912
825 168 117
825 746 10378
826 81 21575
826 264 31145
826 366 6088
826 367 2114
827 834 24687
827 845 32174
828 462 21389
829 173 3169
829 667 21619
829 964 21788
830 226 21532
830 827 31560
831 177 13099
831 314 18151
831 707 28415
831 896 13179
833 18 24829
833 630 15279
833 964 9184
833 1012 31480
834 106 9003
834 962 17593
835 383 6482
835 535 20992
835 574 19317
835 687 21040
836 55 16552
836 322 17736
836 326 13183
836 659 30623
836 1013 4202
837 266 28954
837 347 12854
837 457 30407
837 806 12902
838 345 26868
838 447 28325
838 505 17316
839 322 13124
840 544 24689
841 509 12022
841 716 4611
842 106 260
842 900 9132
842 962 25921
843 180 22447
843 206 9107
843 576 23896
844 239 4441
844 426 3458
844 431 28396
844 638 9023
845 336 16941
845 479 5780
845 956 26606
845 993 25003
846 279 21169
847 934 13239
848 763 1684
848 976 7827
848 980 291
849 20 18203
849 202 11462
849 469 2608
849 735 25118
850 19 29038
850 85 21779
850 257 4462
850 712 10077
851 60 13215
851 211 15070
851 817 4268
851 939 3864
852 117 3873
853 386 1753
853 840 31499
854 184 21560
854 609 23012
854 629 16528
854 776 25149
854 824 2633
854 915 17800
855 133 18756
855 259 22141
856 16 4110
857 750 8088
858 769 6607
858 809 15886
859 93 13555
859 400 14700
859 645 11256
859 820 17805
860 111 31507
860 131 25245
860 201 23547
860 299 2346
860 735 5402
861 15 31800
861 591 13035
861 697 3825
861 838 22992
862 625 23849
862 715 27027
863 81 25089
863 209 31193
863 249 19862
863 636 12864
864 87 23308
864 104 32391
864 168 3182
864 350 10700
864 462 1802
864 465 6815
864 1017 10635
865 19 1390
865 211 21226
866 188 28733
866 380 21476
866 405 13282
866 786 18348
867 487 10534
867 592 11918
867 600 10068
867 795 11084
867 915 23600
867 945 15187
868 18 4865
868 226 17432
868 718 8101
868 721 30427
868 946 11192
869 568 16675
869 990 25908
870 38 7347
870 81 10834
870 148 28699
870 266 29331
870 293 11531
870 908 12996
871 79 29420
871 210 24731
871 380 7177
871 617 17495
871 779 30309
871 861 27833
872 615 7380
872 678 4173
872 888 10516
873 230 12200
873 367 20011
873 446 24413
873 744 10217
873 772 13110
873 830 19134
874 194 21077
874 213 24998
874 527 9410
874 690 4331
875 103 4960
875 667 15783
875 766 3475
875 941 27390
876 217 32305
876 329 26808
876 601 619
877 214 15840
877 504 21014
877 552 24870
877 565 20799
878 527 27986
878 623 10462
878 1000 12747
878 1012 27220
879 840 12132
880 98 12852
880 171 15847
880 293 14304
880 572 15733
880 632 4131
881 7 22707
881 106 30383
881 360 21530
881 739 11701
881 887 25269
882 451 32755
882 635 19458
883 718 30980
883 736 17172
883 785 5077
883 891 1284
884 167 28317
884 854 30840
885 107 29033
885 555 24225
885 576 16136
885 866 16835
885 952 22467
885 998 6038
886 188 4333
886 446 31041
886 515 21483
886 649 9630
886 650 5809
886 839 10798
887 74 30337
887 168 23115
887 603 20198
887 812 21362
888 613 13470
888 623 18516
888 754 29689
889 256 4457
889 426 31129
889 887 27853
890 287 19968
890 1013 32472
891 207 22710
891 598 27114
891 679 5297
892 3 13126
893 519 18140
893 696 19248
893 755 9239
894 62 26064
894 350 4277
894 815 15375
894 943 25214
894 948 20247
895 775 30402
896 435 21315
896 565 13910
896 733 12751
897 187 18450
897 292 22961
897 549 6866
897 576 5657
897 1012 28529
898 835 28428
898 937 13801
898 1005 29426
899 153 395
899 183 8268
899 433 9304
899 821 12390
900 252 31332
900 980 15901
900 1015 15279
901 238 8101
901 732 8063
902 159 367
902 193 4178
902 611 5767
902 1019 19240
903 614 6447
903 751 10058
904 319 27179
904 563 48
904 721 30427
905 849 7358
906 649 26497
907 528 19443
907 874 19690
908 572 14264
908 589 1011
908 690 17038
908 937 11978
909 274 2208
909 359 27365
910 766 16100
911 156 19203
911 280 11883
911 358 22755
911 534 8223
911 813 22303
912 393 29302
912 408 3414
913 336 17131
913 410 23668
913 847 7347
913 961 16672
914 212 360
914 267 22833
914 461 13608
914 987 21422
915 257 1073
915 563 31908
915 589 22085
916 105 12071
916 513 17576
917 9 5177
917 124 29240
917 360 22751
917 684 19297
917 698 13665
917 1002 24800
918 638 1615
918 673 5817
918 935 28400
919 77 14448
919 840 32127
919 929 3188
920 726 15991
921 414 14636
921 723 32593
921 850 21669
922 325 25124
922 463 9103
923 183 28891
923 317 18829
923 418 18433
923 671 14240
924 43 14234
924 105 29202
924 560 15058
925 373 2583
925 851 27773
925 964 30846
926 146 27569
926 402 18603
926 769 30859
926 1010 10277
927 50 10064
927 549 10799
927 826 12554
928 285 20651
928 310 11815
928 346 12105
928 982 5518
929 348 4926
929 616 3278
930 757 15741
930 1012 30349
931 15 1331
931 18 17068
931 58 30332
931 68 24636
931 292 20460
931 474 27889
931 516 16654
931 544 27131
931 610 1053
931 648 25882
931 721 5755
931 776 24692
931 783 30897
932 284 16722
932 480 29345
932 823 31866
932 919 22388
933 109 32188
934 803 11752
935 84 4925
935 174 4294
935 582 12616
935 793 5208
936 24 12364
936 292 20935
936 518 18626
936 521 1169
936 706 3188
936 874 11826
937 197 6329
937 537 2008
938 44 21775
938 867 6492
939 57 23503
939 424 30117
939 545 14473
939 666 13043
939 677 10230
939 789 334
940 71 24374
940 176 14476
940 267 10947
940 431 19897
940 720 10805
940 801 24838
940 931 4770
941 32 13233
941 119 4581
942 489 19630
942 689 21152
942 825 20537
943 266 13434
943 368 10713
943 385 26673
944 264 28253
945 969 8246
945 981 15712
946 315 2288
946 713 11826
946 914 8495
947 211 10084
947 478 26662
947 927 2516
948 617 22856
948 926 2630
948 1002 26236
948 1016 13912
949 13 4081
949 32 1980
950 543 8039
950 620 24249
950 751 2201
950 1019 16263
951 2 16357
951 404 11722
951 664 26997
951 924 24894
952 701 8165
952 846 8002
952 1007 16273
953 127 19665
953 605 22408
953 647 20742
953 790 12944
953 826 29081
953 967 16079
953 975 1955
953 979 10361
954 190 27299
954 304 26337
954 684 19520
954 845 30685
955 289 21820
955 312 26676
956 43 31279
956 453 11608
956 660 24152
956 923 18926
956 989 8236
957 42 2206
957 186 2582
958 6 16849
958 218 26435
958 666 16259
959 64 8022
959 836 3993
960 80 15545
960 161 28207
960 179 32141
960 319 4074
960 833 216
961 296 382
963 568 13115
964 806 28713
965 806 19543
965 917 14905
965 922 16991
965 984 18767
966 175 6954
966 302 1565
966 862 18212
966 997 26665
967 829 26712
968 157 26571
968 189 15719
968 267 3470
968 572 31669
968 728 26480
968 738 32664
968 914 21085
968 989 15015
968 995 20126
968 1006 19815
968 1017 7098
969 473 17655
969 474 8617
970 295 24991
970 321 3458
970 494 12657
970 512 30263
970 615 11750
970 858 10725
970 865 2163
970 902 16909
971 1011 23556
972 465 11494
972 641 1475
972 670 2356
973 21 31594
973 621 18177
973 926 12122
974 452 15005
975 844 22133
976 188 10158
976 257 14901
976 633 18408
976 941 8803
977 3 7079
977 216 27275
977 341 21228
977 426 14074
977 440 10081
977 891 31951
978 122 1827
978 128 20381
978 294 13565
978 885 21412
978 897 29555
979 52 23646
979 681 2101
980 179 1096
980 362 10251
982 104 208
982 306 26188
982 542 7021
982 798 14785
982 801 4337
983 297 30189
983 307 3348
984 269 26089
984 376 14206
985 36 22743
985 117 20709
985 519 6075
986 515 28797
986 880 2021
987 413 26885
987 650 25124
987 724 30599
989 19 26604
989 248 13626
989 609 21563
989 715 27951
990 102 428
990 347 2650
990 370 16284
990 419 11455
990 610 16911
991 340 25060
991 421 2289
992 102 7564
992 316 24173
992 450 31190
992 522 9390
992 669 27330
993 17 1978
993 122 28933
993 487 28968
994 338 21411
994 444 9719
995 229 31555
995 319 17642
995 320 7524
995 572 8386
996 105 17471
996 736 30508
996 755 30659
996 802 14430
996 811 812
996 872 22852
997 415 28418
998 58 15958
998 262 10378
998 590 24944
998 870 28959
999 636 30855
999 642 19455
1000 649 11631
1000 736 29493
1001 118 13860
1001 536 9434
1001 713 5102
1001 778 29421
1001 957 12133
1002 1 15537
1002 165 18675
1002 618 1203
1003 76 22592
1003 232 31574
1003 495 20339
1004 27 726
1004 40 28699
1004 511 21622
1004 522 24041
1004 726 10759
1005 2 9010
1005 365 23860
1005 393 7616
1005 920 10845
1006 33 11555
1006 263 1273
1006 337 13296
1006 652 7225
1006 749 29219
1006 978 15758
1007 205 14294
1008 472 11336
1009 125 6287
1009 263 15575
1009 817 9270
1009 857 27377
1010 33 21471
1010 120 4670
1010 164 24931
1010 243 180
1010 258 19056
1010 376 21887
1010 437 5237
1010 757 5740
1011 237 31863
1011 946 17577
1012 0 5572
1012 274 31628
1012 475 27139
1012 622 25753
1012 961 1232
1014 7 26146
1014 26 19897
1014 826 30083
1015 51 32574
1015 453 2345
1015 989 9374
1016 95 31030
1016 173 2213
1016 652 20900
1016 900 12510
1016 912 3049
1017 549 3531
1017 610 31462
1017 807 28003
1018 3 27484
1018 180 3
1018 273 10301
1018 496 18478
1018 850 10178
1019 178 29427
1020 402 22334
1020 638 2737
1020 924 17750
1020 970 7756
1021 644 22994
1022 94 27787
1022 796 31576
1022 820 30491
1022 905 13586
1023 455 8338
1023 520 23765
1023 857 16982
