2048 6725
0 1903 23250
1 1024 32097
1 1185 10501
1 1274 23729
1 1320 20520
1 1596 24880
1 1693 4881
1 1834 30200
2 32 3348
2 1421 23689
3 246 24962
3 253 8653
3 1095 6320
3 1419 15758
5 205 7788
5 345 23196
5 1115 7983
5 1697 24441
6 135 2378
6 331 25104
6 1951 16861
6 1963 6550
7 233 30426
7 515 17816
7 551 18830
7 1125 8435
7 1540 30719
7 1966 32594
8 483 12832
8 1453 15471
8 1747 845
9 240 7532
9 443 23560
9 603 5669
9 1152 10262
9 1247 24612
10 436 16368
10 775 5732
11 453 19894
11 977 29700
11 1260 22545
12 38 23523
12 100 12594
12 1512 27585
12 1839 6476
13 556 22589
13 946 5868
13 1032 23702
13 1717 26320
13 1850 28670
14 1542 15276
14 1804 24950
15 62 1914
15 109 11639
15 1380 2434
15 1472 31233
15 1949 32352
16 19 4557
16 313 22882
16 377 2268
16 1839 7091
17 2002 17748
17 2018 1368
18 998 19915
18 1729 15287
19 112 23849
20 810 14738
20 1735 1045
21 1026 16785
22 211 22174
22 386 14601
22 1818 15425
23 191 6981
23 607 27260
23 765 28430
23 820 16138
23 1093 32391
23 1183 18546
23 1482 27800
23 1611 32293
24 285 19716
24 335 23325
24 780 23831
24 1284 6339
25 814 20439
25 1214 28387
26 1331 20597
27 1510 21520
28 296 22571
28 339 5059
28 464 1176
28 1187 27644
28 1274 11171
29 1392 22593
30 12 25768
30 242 8515
30 681 5232
31 940 3250
31 1562 21271
31 1881 21950
32 1874 22574
33 1763 16541
33 1914 22606
33 1929 26585
34 437 5610
34 1072 374
35 34 2712
35 100 6176
35 539 21254
35 542 9438
35 931 11286
35 1446 18439
35 1613 21347
35 1835 14977
36 477 27558
36 1569 20001
36 1936 30917
37 465 3136
37 1503 21229
38 11 21265
38 437 6943
38 1699 25401
38 1703 29696
40 121 14910
40 1392 21933
41 909 18171
41 1151 22307
42 1401 28121
42 1809 12055
42 1970 17559
43 729 11459
43 824 26391
43 1159 3873
43 1187 29571
43 1627 27044
44 338 598
44 1831 4272
46 1227 11378
46 1761 737
47 682 32397
47 1291 5137
47 1319 30320
47 1937 23963
49 1060 32077
49 1270 7757
50 248 19795
50 346 21842
50 599 32568
50 660 1351
50 959 1199
50 1436 22030
51 1774 27384
52 66 17699
52 1069 25106
52 1732 10042
53 745 18383
53 1037 8765
54 281 15234
54 1042 19880
54 1915 5949
55 473 26020
55 1368 27569
56 2001 8887
57 207 16483
57 1319 684
57 1644 23626
57 1740 4391
58 86 21625
58 480 1270
58 843 21219
58 1395 21297
58 1709 21111
58 1862 2833
58 2027 30041
59 486 3627
59 831 30302
59 1408 21804
59 1435 28500
60 840 17046
60 1163 5043
60 1344 21816
61 666 14268
61 941 3063
61 1781 26374
62 428 25868
62 567 26486
62 1138 2707
62 1380 31331
63 1438 7717
63 1681 30843
64 90 30907
64 869 4996
64 1227 11224
64 1965 155
65 82 17652
65 426 31234
65 1370 12126
66 177 18208
66 513 32360
66 1308 30512
66 1604 25510
66 1912 30573
67 1009 15730
68 219 18580
68 290 15641
68 1116 22523
69 807 17407
69 1621 22808
69 1965 24478
70 267 12779
70 971 21207
71 815 13600
71 847 13687
72 1120 11953
72 1612 10079
73 171 14804
73 1267 13892
73 1473 18185
73 1658 28608
73 1861 20972
74 186 1940
74 507 12225
74 1028 1873
75 154 3835
76 631 19341
76 1921 23037
77 1008 8423
77 1989 7198
78 197 22164
78 715 31375
78 754 10267
78 1349 25476
79 320 2510
80 254 8551
80 319 26489
80 786 19167
80 830 4509
80 991 24444
80 1586 2027
80 1749 31560
80 1855 31451
81 1997 20762
82 39 530
82 605 31500
82 878 23115
82 1826 14460
83 1161 30660
84 368 16338
84 891 6016
84 986 9222
84 2006 31963
85 1670 27886
86 207 25002
86 510 3564
86 1092 3805
86 1620 24882
87 0 28087
87 550 2821
87 642 1587
87 1441 4646
87 1669 11112
88 198 13688
88 583 29461
88 1037 28367
88 1075 3290
88 1124 3226
89 641 19131
89 831 30164
89 1014 4551
89 1598 12106
90 465 3581
90 615 28598
90 684 19050
90 806 23742
90 857 12394
90 862 29791
90 1504 2474
90 1516 12258
90 1750 26525
91 537 8922
91 1373 6040
91 1484 27320
91 1914 19179
92 4 22799
92 93 3207
92 1698 13149
93 51 22699
93 423 30315
94 139 30373
94 905 17749
94 1000 31190
94 1468 14529
94 1659 28602
95 286 27623
95 420 31188
95 682 31194
95 802 6043
95 1049 7344
96 1637 16946
96 1739 17307
97 1442 5798
98 361 22317
98 971 11885
98 1466 27083
98 1917 29978
99 153 21753
99 702 2385
99 1086 2436
99 1315 31810
100 748 10240
100 756 20896
100 1623 27177
101 176 5341
101 1289 392
101 1372 14654
102 681 31207
102 880 17017
102 1780 15595
103 31 18526
103 764 7430
104 624 26783
105 228 7320
105 707 5595
105 892 10927
105 974 11103
106 204 11183
106 951 28241
106 1000 73
106 1651 25774
106 1668 28477
107 56 29537
107 132 20169
107 270 428
107 596 19
107 1774 10593
108 222 27673
108 1192 4625
108 1417 28829
109 285 21112
109 353 15607
109 1153 19032
110 335 17571
110 1892 26021
111 243 27106
111 526 26935
111 1263 15819
111 1371 29720
112 381 28442
112 1524 25570
112 1903 21217
113 66 28899
113 235 26243
113 1584 3531
113 2003 7981
114 216 16623
114 578 27583
114 856 10930
114 1724 23118
114 1888 28732
115 645 25410
115 1643 16855
115 2028 17809
116 290 28615
116 355 20582
117 1751 11507
117 1820 13073
117 1885 17236
118 987 18454
119 443 30818
119 2035 29559
120 89 4960
120 917 1779
120 1271 5732
120 1576 12230
120 1908 31521
121 464 6843
121 872 22409
122 162 30101
122 797 23137
122 1703 2261
123 543 170
123 839 9447
123 1027 5645
123 1118 25696
123 1763 30223
124 631 14982
124 673 26852
124 887 25389
124 1237 1173
125 105 26801
125 2046 3213
126 390 13235
126 426 10583
126 809 19338
126 1695 14497
127 842 14873
127 1910 15901
128 859 25137
129 39 11490
129 459 32126
129 816 13954
129 1409 21409
130 894 26556
130 1805 26985
131 432 2789
131 1514 25097
131 1646 1851
131 1699 26433
131 1905 22578
131 1934 31182
132 989 1742
132 1099 13291
133 24 16262
133 1173 20469
133 1213 14470
133 1673 30232
134 569 23309
134 925 7817
134 1841 14403
135 403 32414
135 1351 1650
135 1596 7548
136 1642 5159
136 1960 30941
136 2000 2488
137 31 5392
137 506 14791
137 580 18934
137 629 3796
137 1726 30906
138 1389 21147
138 1417 346
138 1571 21519
139 125 16234
139 375 21459
139 435 15522
139 838 15
139 1239 773
140 1341 31380
140 1852 13221
141 591 12904
141 1030 16816
142 172 3791
142 1043 19162
142 1172 17677
142 1355 12759
142 1960 3150
143 119 7024
143 1810 28055
144 66 1862
144 1451 28502
145 1495 5689
145 1547 27102
146 155 26030
146 741 5786
146 1028 11268
146 1139 13600
147 407 16894
148 494 23116
148 510 18860
148 1539 11523
149 564 15125
149 1000 18614
149 1750 11650
149 2014 8590
150 1615 1718
151 985 11396
151 1211 11565
151 1219 29113
152 104 16187
152 779 24367
152 1855 9108
153 1828 19872
154 263 32090
154 1090 1541
155 59 20509
155 490 3262
156 950 8706
156 1318 15372
156 1810 24342
157 1241 13667
157 1792 23600
157 2023 28488
158 80 2415
158 1202 1957
159 817 16382
159 934 4189
160 1107 27385
160 1115 16005
160 1686 29754
160 1909 3691
161 35 29119
161 324 32173
161 1251 7438
161 1794 31261
161 1934 32101
161 1995 26627
162 928 3058
162 1256 20379
163 1320 2076
163 1767 8920
165 140 27832
165 599 10201
165 652 20329
165 824 20668
165 872 494
165 936 21640
166 1707 1577
167 1168 19536
167 1336 24381
168 971 2206
168 1010 9538
168 1969 5862
169 148 13540
169 195 1955
169 1181 28829
169 1570 10840
170 644 7311
170 682 16217
170 1348 14006
170 1966 20199
171 26 7210
171 189 8122
171 1468 32210
171 1476 6082
171 1847 17620
172 771 22810
172 816 32208
172 864 9359
172 1487 574
173 1614 3672
173 1900 22185
173 2029 10675
174 131 15755
174 658 7991
174 1460 29028
175 1817 19149
176 48 25273
176 1327 16282
176 1495 3309
176 1797 4020
177 148 10420
177 771 28432
177 1808 29349
178 703 30109
178 833 2811
178 1396 1856
179 100 24430
180 6 16074
180 243 32532
180 995 22817
181 1524 16557
182 226 377
182 280 7525
182 1964 426
183 1542 19083
184 772 26365
184 880 8275
184 1566 26418
185 243 14919
185 976 31859
186 1177 20341
186 1627 778
187 419 9721
187 432 17125
188 337 14080
188 805 16878
188 1461 28277
188 2014 944
189 198 3386
189 199 19081
189 1310 7340
189 1316 13616
189 1393 30902
190 472 21671
191 1679 16291
192 937 23548
193 17 32022
193 854 8531
193 881 20900
193 1590 5883
194 164 21539
194 1255 3638
194 1469 7097
195 101 28758
195 978 8770
196 217 17980
196 660 5207
196 822 1983
196 1960 21713
197 177 29312
197 624 25428
197 808 23288
197 825 21481
197 871 21700
197 1056 21214
197 1800 5504
198 651 6805
198 1722 10685
199 1219 30689
200 958 1543
200 1007 23755
200 1268 1926
201 792 2154
202 584 11926
202 1739 15382
202 1981 7730
202 2044 15867
203 763 18554
204 521 16965
204 1170 19933
204 1966 2629
204 2029 8187
205 150 6110
205 252 13740
205 1043 29460
205 1599 10723
206 638 30239
206 1310 2607
207 141 22596
207 592 31304
207 863 29567
207 1120 28795
207 1145 23185
207 1856 18992
208 1030 11259
208 1566 8722
209 73 9314
209 838 28074
209 1689 22746
209 1705 25447
209 2040 16243
210 896 11576
210 1035 12193
210 1572 12911
210 1766 883
211 256 20679
211 788 23992
211 1634 27271
212 159 27557
212 187 14856
212 231 30694
212 661 209
212 722 557
212 1034 20736
213 157 12817
213 340 20486
213 606 15306
213 1113 10497
213 1562 16792
214 1585 14513
215 53 9087
215 108 377
215 1042 6871
215 1614 20408
216 530 29327
216 1514 13175
216 1542 32758
216 1591 15093
216 1787 9026
217 53 20389
217 658 23485
217 1846 11535
218 914 22675
218 1818 16546
219 470 21573
219 1522 3421
220 101 16871
220 1830 20650
221 247 4974
221 1171 17937
222 310 4961
222 1192 22085
222 1430 28613
222 1611 2012
222 1640 11544
222 1880 6508
222 1920 6985
223 268 31867
223 1561 11545
223 1774 9131
224 729 6103
225 300 5737
225 456 12754
225 936 11953
225 1192 10494
227 455 3465
227 992 7846
227 1136 14602
227 1159 8894
227 1493 20941
227 1869 23168
228 281 31629
228 1179 29802
231 92 28087
231 733 8598
231 1246 15890
231 1572 2219
231 1612 18310
231 1921 21253
232 611 24089
232 1841 12879
233 66 27759
233 318 25875
233 1601 11130
233 1829 10260
233 1956 28926
234 300 22945
234 717 21314
234 1954 404
235 827 30044
235 1185 19556
235 1825 2406
235 1876 14468
236 313 27986
236 619 8295
236 970 31289
236 1956 18636
237 950 18166
237 1915 30727
238 384 13080
239 112 11628
239 969 9815
239 1430 21092
240 553 23429
240 693 16160
241 401 2462
241 1442 8906
242 370 9221
242 537 2570
242 1241 21937
243 613 4763
243 627 20180
243 1132 7339
243 1526 2673
244 510 5819
244 538 29065
244 1424 12844
246 1851 23454
247 491 5427
247 963 17486
247 1045 11685
247 1571 27426
247 1588 32569
247 1801 1452
247 1949 20875
248 391 11356
248 1613 2813
249 397 25699
249 514 684
249 1773 17087
250 28 31456
250 379 14928
250 1091 1057
250 1175 19601
251 1582 8833
252 214 19600
252 1699 13913
253 99 8370
253 402 27455
253 910 21039
253 1385 19846
253 1556 30377
253 1998 29447
254 410 21769
254 1399 18011
255 733 13648
256 950 19459
256 1414 19626
256 1574 325
256 2028 8423
257 1774 31173
258 1115 24261
258 1515 30394
258 1731 30588
259 145 3971
259 230 6938
259 1386 19955
259 1639 2
259 1844 24011
259 2037 18265
260 750 21876
260 1298 29476
261 22 24675
261 402 20022
261 588 20861
261 721 10061
261 913 4495
261 1008 16444
262 7 14539
262 256 23391
262 771 2270
262 1410 19296
263 1248 9198
264 165 20123
265 271 9263
265 1669 11714
266 1648 29132
266 1755 25781
266 1989 2253
267 236 20982
267 1306 22489
267 1545 18312
267 1971 28770
268 689 19552
269 114 25962
269 708 13276
269 893 23252
269 972 30283
269 1117 19144
269 1465 913
269 1599 31300
269 1657 12514
269 1667 29118
270 563 4288
270 580 10999
271 512 16069
271 1501 930
272 312 25364
274 168 4048
274 1101 28496
275 768 30850
275 1635 9409
275 1774 26934
276 374 32647
276 1471 3088
277 509 11931
277 686 28014
277 1085 4528
277 1457 8173
277 1849 12098
278 311 5355
278 817 31816
278 1508 15502
278 2025 30384
279 451 32463
279 850 12255
279 1395 25055
279 1993 10870
280 1140 10184
280 1226 26746
280 1609 18530
281 1019 10098
281 1103 11329
282 745 17560
282 1290 14165
282 1481 28918
283 417 27954
283 478 31277
283 807 3754
283 1412 927
283 1877 23735
284 833 7732
284 1706 6354
285 229 24123
285 611 23104
285 777 30916
285 946 19893
285 1107 4411
286 215 18512
286 383 18518
286 609 5523
286 818 4949
286 886 14963
287 315 1144
287 1344 26916
289 13 2266
289 769 22433
289 1422 12472
290 735 7317
290 1278 27812
290 1903 29934
291 29 7833
291 992 23774
291 1806 435
292 777 11745
292 1336 10558
292 1850 6126
292 1905 22396
293 1024 25418
293 1307 27831
293 1685 15766
294 427 18547
295 418 25336
295 1070 27857
295 1600 1316
295 1838 17872
295 1934 714
296 232 30395
296 830 30899
296 858 31226
296 1065 14126
297 283 6025
297 401 4341
297 446 7004
297 573 27664
297 750 26123
297 781 31997
298 808 30807
298 1349 14834
298 1421 28733
298 1664 7324
299 242 4587
299 525 6305
299 766 18430
299 956 23332
299 995 5966
299 1220 1967
300 446 27947
300 608 27976
300 766 20219
300 1530 24685
300 1571 16246
300 1862 15598
301 150 7826
301 176 22797
301 511 12775
301 513 19258
301 769 2250
301 804 18845
301 1224 24255
301 1840 18926
302 829 125
302 1235 4973
302 2001 19778
303 1180 8373
303 1645 9003
304 251 9761
304 687 18181
304 1011 20076
304 1140 19669
304 1551 32482
305 1063 20273
305 1472 13709
305 1837 6704
306 694 2722
306 885 24252
307 487 19775
307 1560 20463
308 1597 6181
308 1700 21229
309 406 25897
310 204 9679
310 243 11919
310 510 12340
310 890 24860
310 1268 19179
310 1734 24868
310 1745 14678
311 1100 6561
311 1858 5181
312 521 10291
312 528 28350
312 726 19848
312 1751 17147
312 1819 14798
312 1965 17691
313 10 4107
313 876 12448
313 1340 15515
314 1086 28667
315 548 27297
315 661 26237
315 893 8451
315 1123 4324
315 1508 13184
315 1811 7284
315 1879 10987
316 128 6469
316 218 436
316 1057 21183
316 1786 25552
317 1380 8923
317 1705 26776
318 1060 9316
318 1753 17105
319 815 31964
319 1997 18693
320 665 30188
320 1051 12246
320 1673 18912
320 1760 28387
320 1968 27464
321 325 20767
321 666 19270
321 923 31057
321 1190 32315
321 1371 22269
321 1454 15644
322 181 5214
322 539 12410
322 1602 6375
323 1091 29339
323 1501 30806
323 1631 11055
324 1942 2285
325 66 20540
325 471 26821
325 1088 8084
325 1979 17559
326 341 20428
326 663 20760
326 680 29274
326 1118 16036
326 1386 7252
326 1845 20868
327 212 20566
327 471 7165
328 382 22031
329 397 19123
329 1049 9233
329 1626 20557
330 383 3612
330 1072 32627
330 1536 23095
330 1755 3912
331 679 19838
331 783 6583
331 906 28239
332 1056 19929
332 1473 23082
332 1777 20083
332 1794 20321
333 6 1605
333 668 3618
333 734 9495
333 1198 19002
333 1284 15318
333 1788 6046
334 1 5891
334 636 1709
334 1622 1608
334 1900 30474
335 524 14501
335 968 29496
335 1728 13750
336 311 6159
336 835 23419
336 1132 31025
336 1331 22879
336 1761 19297
336 1821 24710
337 1107 22196
337 1265 25441
337 1446 31514
337 1707 31127
338 458 5200
338 521 9953
339 435 22605
339 684 32068
339 1660 31929
340 145 22801
340 306 27783
340 958 30043
340 1667 28903
340 1838 26076
340 1885 20895
341 376 3263
341 773 16628
341 1519 22554
342 414 5126
342 433 26368
342 436 4739
342 664 30089
342 1731 1200
342 1906 5992
343 1533 15243
343 1543 5225
344 89 6336
344 450 1147
344 655 21620
344 1852 7436
344 1999 31317
345 872 29508
346 54 16800
346 88 32312
346 1129 15220
347 918 30978
347 1659 30608
347 1863 1335
347 1931 21392
348 1093 3097
348 1182 6359
348 1422 19984
349 680 14541
349 741 4455
349 765 29987
350 48 10828
350 54 30293
350 1388 12084
351 67 5727
351 77 23338
351 86 20762
351 239 17260
351 532 29378
352 1009 24353
352 1228 24040
352 1857 19799
353 551 4240
353 682 1962
353 1949 212
354 87 12028
354 907 14387
354 1056 31299
354 1149 9413
354 2037 13419
355 544 9597
355 645 5077
356 279 24857
356 595 32693
356 1669 4105
356 1777 8171
357 1751 7681
358 237 2869
358 1154 20039
358 1313 19513
358 1837 12424
358 1939 4434
359 794 23163
359 1410 26882
359 1530 21275
359 1989 28796
360 1602 18619
361 1670 21122
361 1846 32032
362 510 15955
362 944 21768
362 946 18950
363 180 545
363 816 6288
363 1750 19501
363 1907 23652
364 469 18988
364 1587 30463
365 2019 26327
366 43 12242
366 424 23192
367 1422 13466
368 1047 18500
368 1603 2830
369 617 4639
369 660 13439
369 755 6541
369 1294 2234
369 1351 11198
369 1904 2129
370 1518 15246
370 1741 14822
370 1841 2155
371 154 17628
371 353 29695
371 771 26775
371 1385 11777
371 1423 21544
371 1492 28491
372 23 17630
372 376 27889
372 416 26290
372 760 5717
372 798 12085
372 827 23964
372 937 7622
372 999 25136
373 87 20963
373 1128 26174
373 1346 4737
373 1810 6368
374 217 26141
374 512 27234
374 891 7282
374 1161 2500
374 1516 31033
374 1964 17883
375 352 1990
375 1289 20446
375 1342 30026
376 1640 9072
377 200 10272
378 397 30971
378 426 22404
378 670 11563
379 152 9113
379 504 10802
379 1166 30269
379 1360 254
379 1587 10955
379 1588 5542
379 1603 4679
380 1106 7590
380 1968 21794
380 2002 20871
381 9 39
381 1147 16235
381 1281 28254
381 1755 24960
381 1974 8373
382 111 29015
382 393 32129
382 534 13713
382 1543 11029
382 1804 23150
383 1413 12462
384 184 17883
384 1967 29370
385 1437 18987
386 253 30923
386 534 25187
386 1051 19149
386 1350 24088
386 1648 14710
387 103 29545
387 405 3162
387 483 20525
387 1955 1394
389 615 27313
389 1011 28603
389 1987 29361
390 1385 6356
390 1685 22662
390 1765 17737
390 1768 4942
391 190 10384
391 563 24458
391 1214 17154
391 1218 31287
391 1646 10571
391 1826 1801
392 351 21354
392 728 12400
392 799 29115
392 870 3959
393 140 24471
393 670 17355
393 837 21929
393 1862 2232
393 1979 3230
394 520 16475
394 1565 1618
394 1631 27311
395 86 20459
395 184 24103
395 193 12758
395 1600 23587
396 330 22588
396 646 9037
396 767 6971
396 1165 11635
396 1832 6489
396 1893 25596
396 1968 32174
396 1978 22639
397 255 4749
397 267 11521
397 838 532
397 1492 14868
397 1846 26015
398 898 16115
398 1181 31820
398 1893 28837
398 2036 1031
399 659 29260
400 474 23828
400 1249 3454
400 1481 4557
400 2025 1218
401 369 24716
401 602 15126
401 979 957
401 1256 545
401 1456 23899
401 1969 2706
402 1005 23334
402 1424 164
402 2027 16124
403 1323 15635
403 2046 26816
404 525 514
404 566 10760
404 644 18126
404 781 14307
404 1138 7468
404 1724 12813
405 432 118
405 1091 884
405 2035 3362
406 471 13557
406 1133 17648
407 283 29349
407 641 19057
407 1001 16532
407 1630 29961
408 1091 18389
408 1166 17007
408 1218 23565
408 1612 18767
408 1654 16009
408 1773 9773
409 242 21986
409 1183 18826
410 404 15902
410 428 16518
410 1826 12336
410 1876 14874
411 951 8567
411 1234 26983
411 1500 9101
412 1108 10930
412 1147 25256
412 1459 7969
412 2029 29904
413 965 5428
413 1393 12382
413 1666 14326
414 530 726
414 660 20549
414 1157 8529
414 1470 30067
414 1938 31737
415 1121 20393
415 1235 22668
415 1525 32374
416 358 14708
416 757 29439
416 1114 7825
416 1793 5459
416 1966 11941
417 415 12494
417 705 7603
418 337 29613
418 1841 18957
418 1913 17636
419 4 18264
419 257 27715
419 967 9126
419 1011 30354
420 2027 26012
421 1465 740
422 569 19093
422 1242 20873
422 1851 17667
422 1941 30571
423 123 20111
423 173 22402
423 538 6928
423 1623 32091
424 16 30379
424 372 13218
425 323 13659
426 58 401
426 159 12088
426 349 15896
426 1643 26195
427 382 21575
427 985 29387
427 1471 26058
427 1618 8151
428 121 23497
428 349 14913
428 735 6316
428 1261 7258
428 1395 28688
428 1569 16623
429 92 18852
429 111 26310
430 57 12194
430 231 9691
430 1617 2231
430 1791 24634
431 215 5715
431 1694 29282
432 677 31596
432 806 19617
433 171 17815
433 489 32228
433 1431 22459
434 20 24573
434 44 16417
434 541 29944
434 750 23715
434 874 25294
434 1569 8844
434 2017 786
435 621 2163
436 229 32331
436 746 15287
436 1482 14142
436 1690 15098
437 94 12742
437 303 18621
437 328 11313
437 369 24730
437 1444 15666
438 1793 17742
439 356 28852
439 382 21528
439 527 6879
439 1564 25735
440 1471 12500
440 1886 30236
440 1991 19066
440 2043 907
441 396 25758
442 342 29892
443 861 9151
443 1309 17147
444 156 15151
444 409 21522
445 156 2354
445 940 4106
445 1925 5645
446 1170 1973
446 1559 5973
446 1615 20012
446 1938 20462
447 249 29941
447 929 13696
447 1361 2430
447 1501 26963
448 755 30573
448 1033 6737
448 1537 25737
448 1991 18918
449 185 7998
449 925 14409
449 1162 27573
449 1396 10057
450 548 1407
450 1658 15635
450 1970 12813
451 298 14742
451 397 11262
451 745 1825
451 755 30537
451 756 7817
451 1233 4373
451 1940 7736
452 420 25896
453 789 25688
453 1598 23251
453 1799 32048
454 536 32174
454 871 19720
454 1181 4047
455 110 29462
455 793 30181
455 1124 28543
455 1974 17434
456 41 19825
456 630 21221
456 1184 11941
457 423 25380
457 450 17171
457 1249 24069
457 1267 20123
458 685 3663
458 1649 26993
459 511 6729
459 669 1374
459 850 19247
460 34 25568
460 1084 6223
460 1503 32303
460 1705 6998
461 1116 16843
462 18 17267
462 572 16618
462 1266 2188
462 1800 7252
462 1883 32019
462 1974 6433
463 11 16958
463 1713 2190
463 1884 14252
463 1903 30422
464 110 30606
464 132 3139
464 1955 23617
465 1600 22703
465 1608 30663
466 1575 6318
467 904 12701
467 1624 16056
467 1842 7428
467 1995 20043
468 122 11997
468 1917 29795
469 1190 26044
469 1274 18881
469 1527 2893
469 1733 30942
470 195 29124
471 100 31155
471 150 1588
471 799 10228
471 1554 29616
471 1660 4420
472 248 29003
472 1226 20263
472 1572 16852
472 1637 27133
473 542 4914
473 662 2380
473 975 19635
474 557 17331
474 1008 8110
474 1285 21347
474 1839 2935
475 830 22655
475 981 9486
475 1440 13934
476 1238 29075
476 1336 21072
476 1658 3891
477 73 7499
477 479 21847
477 536 27987
477 894 14252
477 946 13136
477 1111 9299
477 1525 16473
478 228 14379
478 480 3701
478 1181 13274
478 1273 27035
478 1393 19552
479 1463 11570
479 1892 24240
480 510 30628
480 581 31422
480 948 23061
480 1226 27652
480 2043 15472
481 269 20843
481 740 13664
481 820 18827
481 1513 15437
481 1913 3991
482 79 10156
482 1001 16993
482 1540 24303
483 14 3948
483 22 9244
483 112 2191
483 473 20934
483 1681 14921
484 420 3467
484 1298 22173
484 1408 25845
485 535 21886
485 604 3073
485 895 30541
485 908 10415
485 1035 1975
485 1164 8430
485 1897 8888
485 1945 19357
486 465 17273
486 1488 29092
486 1849 10748
487 92 19492
487 451 31284
487 623 20904
487 1484 24356
487 1904 6656
488 335 16849
489 360 14477
489 1224 19707
489 1250 20750
489 1519 25519
490 769 16008
490 1072 22620
490 1246 16705
491 290 14770
491 498 25154
491 619 22471
491 1101 24842
491 1725 2947
491 1851 2547
492 310 28457
492 536 4558
492 644 27373
492 779 6079
492 1220 29830
492 1249 23981
493 51 32683
493 773 27228
493 834 19343
493 1047 2924
493 1614 4403
493 1814 25180
493 1835 8266
494 427 31090
494 589 7814
494 776 24176
495 49 22248
495 171 11903
495 711 20888
495 912 19074
495 1078 16979
495 1365 6522
495 1373 6382
495 1925 6827
496 8 30018
496 210 20201
496 989 24724
496 1905 17790
497 623 6964
497 1226 20320
497 1536 23734
497 1596 22284
498 3 30516
498 446 18333
498 493 23288
498 496 25445
498 524 20878
498 715 23139
498 805 25273
498 1008 1954
499 1410 22782
499 1735 12113
500 1393 26676
500 1564 6814
500 1908 6061
501 437 21974
501 1019 25894
501 1474 24460
501 1711 4809
502 73 17474
502 135 32677
502 1647 20412
502 1904 19791
503 233 3812
504 475 10602
504 1064 26455
504 1603 16622
504 1978 497
505 784 31362
505 872 25028
505 1337 79
505 2019 7561
506 107 5211
506 1979 27256
507 1210 342
507 1420 5693
507 1872 6646
507 1983 12665
508 236 22632
508 375 25571
508 536 21493
508 567 15390
508 989 29575
508 1063 25129
509 71 20766
509 94 7241
509 179 18776
509 674 1197
509 898 10682
509 1111 18919
509 1245 24676
510 540 20233
510 578 23251
510 623 4116
510 1490 26959
511 61 22781
511 310 21958
511 332 15780
511 777 11660
511 1687 28885
511 1983 12086
512 111 28853
512 293 10087
512 1081 3403
512 1108 12808
513 92 31839
513 580 27836
513 652 7706
513 879 12609
513 980 6497
513 1828 24606
514 268 23507
514 743 27364
514 1011 9779
514 1444 14901
514 1751 24733
516 1249 3975
516 1861 18531
517 77 6563
517 745 8913
519 1862 20259
519 1983 26427
520 623 2336
520 718 6148
520 823 19873
521 675 28247
521 858 31538
521 1062 3871
521 1518 12058
522 1531 24045
522 1748 14384
523 228 22186
523 406 23909
523 438 11194
524 368 11036
524 483 3331
524 736 10614
524 2020 17148
525 1371 10782
525 1421 11411
526 65 21923
527 256 7359
527 258 32040
528 420 20694
528 523 19616
528 1010 30034
528 1102 23274
528 1894 14664
529 205 2189
529 961 9800
529 1122 22629
529 1420 7393
529 1530 3287
529 2020 20194
530 339 16771
530 2005 19053
531 757 13151
531 1455 17622
531 1540 339
531 1707 29938
531 1960 9598
532 154 23867
532 441 2827
532 1528 21644
532 1972 14741
533 647 1875
533 662 24824
533 1040 5732
533 1134 26433
534 6 4935
534 498 5638
534 621 30879
534 1066 17854
535 207 3576
535 283 23564
535 1156 23040
535 1238 13956
535 1372 11364
536 411 28046
537 446 9123
537 1114 16977
537 1354 12833
537 1547 14318
538 341 30736
538 1073 21097
538 1157 19856
539 726 12992
539 1048 417
539 1058 24642
539 1253 11588
539 1808 15511
540 789 20547
540 1545 12844
540 1752 28093
541 329 11454
541 709 31148
541 795 11068
542 448 29361
542 1367 28965
542 1666 18215
542 1836 22081
543 624 22310
543 697 7405
543 831 30501
543 1559 29017
543 1989 32137
544 61 8680
544 457 5807
544 1051 32703
544 1253 10355
544 1366 27864
544 1571 15822
544 1784 5780
545 580 5696
545 1157 7499
545 1891 29339
546 556 3977
546 649 27952
546 868 8190
547 140 1383
547 178 22497
547 215 29429
547 707 15221
547 1135 24044
547 1423 26524
548 277 24522
548 808 13764
548 1750 11816
548 2020 7108
549 499 9610
549 919 3041
549 977 25312
549 1936 17829
550 80 30626
550 563 32222
550 980 25247
550 1025 5686
552 193 25661
552 986 101
553 859 19652
553 1671 24963
554 219 26286
554 1450 31054
554 1970 3960
555 763 12007
555 768 10852
555 1669 20335
556 567 27642
556 679 465
557 1054 13168
557 1735 8825
557 1749 25328
558 285 14979
558 1118 6947
559 309 13021
559 800 12629
559 1190 13560
560 956 25329
560 1650 24779
560 1664 31073
560 1777 22703
560 1954 30359
561 178 23130
561 404 12520
561 592 31129
561 1045 20508
561 2047 7708
562 33 20421
562 255 563
562 937 23475
562 1683 4673
562 1904 11213
562 1964 5347
563 329 22358
563 646 8662
563 934 24154
563 1393 15297
563 1401 22092
563 1861 12582
563 2015 15474
564 588 30370
564 1280 3834
564 1723 21920
564 1928 26888
564 2043 28958
565 754 26027
565 912 24133
565 1396 27690
565 1871 29397
565 1926 18727
566 157 4873
566 433 31308
566 1063 18399
567 414 16787
567 727 22549
568 935 18700
568 1014 22406
568 1649 16530
568 1666 18382
568 1751 1926
569 359 1730
569 506 11310
569 962 15112
569 1347 11947
569 1905 19071
570 363 23869
570 780 1061
571 244 22736
571 616 20640
571 680 27867
572 798 30323
572 1032 8720
572 1263 17493
572 1453 1200
572 1473 457
573 541 1331
573 1971 4804
574 139 16064
574 587 12764
574 800 31068
574 1178 20508
574 1252 5445
574 1296 18636
574 1830 26338
575 1003 4611
575 1075 7109
576 345 11791
576 763 23946
576 1733 4096
576 2020 24946
577 556 21939
577 1957 26088
578 1559 23553
578 1565 28822
578 1890 25280
579 101 16369
579 1610 19024
579 1887 18124
580 164 19537
580 991 7242
580 1215 4664
580 1358 17044
580 1372 6296
580 1810 24083
581 690 30283
581 1310 9315
581 1991 32124
581 2034 19472
582 381 16242
582 488 22628
582 1066 11974
582 1394 7415
582 1893 14621
583 751 19643
583 1194 15891
583 1229 15867
583 1954 29257
584 947 11435
585 178 961
585 484 8430
585 1335 16616
586 1530 8869
587 192 518
587 283 8975
587 578 31117
587 866 18268
587 875 26137
587 1244 4043
587 1493 8073
587 1677 919
587 2010 12974
588 780 32266
588 836 13146
588 1252 5544
588 1433 10138
588 1496 26225
588 1561 20786
589 15 14915
589 150 20663
589 186 18316
589 1504 18543
590 75 28817
590 508 8275
590 1353 7530
590 1434 9351
590 1779 22728
591 144 27552
591 1324 19463
591 1808 14367
591 1813 23035
591 1998 25585
591 2020 32208
592 172 702
592 825 29561
592 951 25019
593 363 7587
593 1487 31390
594 169 20248
594 1119 3839
594 1225 4408
594 1906 267
595 170 882
596 1604 16712
597 185 11042
597 377 7727
597 388 32187
597 638 11062
597 701 17696
597 1143 29709
597 1396 29815
597 1693 19345
598 797 23523
598 857 20907
598 1433 15165
598 1599 2013
599 820 18340
599 1116 10899
599 1152 3262
599 1996 742
600 960 31519
600 1483 23731
600 1517 25650
600 1836 26043
600 1990 13578
601 101 11043
601 191 7215
601 296 4951
601 888 16338
601 1363 1488
601 1551 13447
601 1560 16508
601 1892 8947
602 770 24615
602 1363 16963
602 2000 30380
603 431 8808
603 534 18514
603 705 20889
603 1319 5218
603 1677 15597
604 208 9538
605 678 14982
605 932 26770
605 1896 31176
605 1971 15065
606 46 22558
606 68 8823
606 304 11851
606 672 23115
606 2038 11950
607 466 6017
607 1004 12190
607 1721 27270
608 576 24213
608 603 30285
608 1352 74
609 79 19749
609 82 30210
609 468 1431
609 800 28536
609 988 10701
610 144 13165
610 631 10123
610 795 29178
611 304 1295
611 1613 23260
611 1772 16338
611 1787 11693
612 432 5356
613 1424 27196
613 1827 19729
614 244 12356
615 1500 27379
615 1820 10860
616 817 26918
617 458 20799
617 1238 8541
618 1996 17047
619 2026 2296
620 1009 27740
620 1264 12378
621 8 3434
621 1270 9575
621 1293 5402
621 1574 15817
621 1904 7143
622 247 19174
622 571 3217
622 1382 26249
622 1724 19904
623 824 7931
623 911 31380
623 1186 7419
623 1229 2827
623 1746 6664
624 1213 24637
624 1443 26088
624 1906 22929
625 450 30335
625 1645 15926
626 917 24618
626 1322 1856
626 1420 11532
627 221 23987
627 682 5982
627 1028 6263
627 1056 21063
627 1586 28049
627 1678 1537
628 95 14392
628 615 28017
628 1045 13076
629 893 1160
629 1442 10056
629 2024 26261
630 293 952
630 1132 8362
630 1689 24100
631 935 7459
632 1174 21830
634 203 464
634 792 26802
634 868 1854
634 909 25482
635 664 8598
635 1043 10875
635 1380 13988
636 106 4565
636 343 18181
636 524 18885
636 948 8332
636 1208 7907
637 1951 24500
638 806 13627
638 1688 22929
639 29 1846
639 247 1784
639 1474 23316
639 1621 18555
640 795 6864
641 1553 8172
641 1576 31107
642 885 32357
642 1177 5515
642 1257 14619
642 1391 9243
643 265 30591
643 457 15037
643 668 11015
643 1145 31034
643 1383 30307
643 1873 20619
644 83 30011
644 628 21649
644 791 7413
644 793 2172
644 1116 8254
644 1770 31838
645 903 7394
645 1767 31586
646 48 26030
646 290 24898
646 452 11748
646 814 3909
646 1870 4300
647 169 7616
647 176 17480
647 1067 13766
647 1962 7876
648 443 15912
648 566 12897
648 1045 13740
648 1293 19039
649 722 1566
649 1034 24156
649 1448 2270
649 1918 3090
650 732 31863
650 1663 28223
651 309 26190
651 856 30034
651 1485 18425
651 1489 14054
653 578 24462
653 980 13796
653 1131 31595
653 1275 1313
654 110 7814
654 1327 1683
655 1478 31732
656 18 15585
656 1246 9439
657 158 14658
657 453 22139
658 1379 4144
659 262 21814
659 804 9973
659 1395 20129
659 1919 23027
660 173 7626
660 820 5536
660 846 12598
660 1773 2042
661 44 18465
661 108 4898
661 918 18526
661 1942 17200
662 943 28334
662 1367 28686
663 209 28871
663 830 14695
664 39 23822
664 1098 22127
664 1308 15556
665 605 30874
665 725 3529
665 1778 31545
666 41 11922
666 212 27368
666 870 8062
666 951 18029
666 1335 3469
666 2031 2792
667 794 6829
667 1418 30599
668 818 11182
668 1596 20446
669 20 12154
669 372 12436
669 742 31864
669 961 8816
669 1224 20641
669 1486 29178
669 1493 5864
669 1574 16367
669 1844 24437
670 951 3920
671 538 25861
671 595 23786
671 1438 23052
671 1818 222
672 819 22178
673 124 21387
673 171 26793
673 1435 22448
673 1617 28414
673 1730 6957
674 1215 17577
674 1816 12014
675 154 4007
675 1411 23071
675 1899 22494
676 259 21129
676 456 21732
676 540 19279
676 899 23558
676 1482 10744
676 1962 6777
677 115 28535
677 375 12505
677 652 3571
677 1180 27453
677 1725 10615
678 1411 12219
678 1556 5063
678 1615 1941
679 1683 2000
680 570 23809
680 672 24200
680 954 22197
681 339 14248
681 412 24369
681 494 18883
681 980 13322
681 1159 24017
681 1236 18545
681 1485 23509
682 29 23140
682 104 15227
682 200 4010
682 901 11407
682 1020 4519
682 1849 7433
683 854 7511
683 2004 2322
684 1547 3034
684 1668 7730
685 327 1201
685 594 12197
685 688 10157
685 891 12452
686 77 11657
686 1623 18357
687 758 22578
687 1435 8333
687 1775 19956
688 938 8583
688 1068 26434
688 1275 29912
688 1467 15124
689 39 3689
689 120 8196
689 1683 16221
690 152 6357
690 279 12054
690 302 29324
690 771 21896
691 424 1640
691 644 28009
691 1170 13338
692 413 17944
692 613 11181
692 1712 18425
693 1975 19137
694 1646 27469
695 277 9034
695 691 30293
695 1131 7690
695 1236 4101
695 1383 15585
695 1868 12758
695 1895 8860
695 1952 6041
696 75 19529
696 1721 17229
697 511 30389
697 680 23416
697 808 15627
697 1442 1293
697 1761 21466
698 248 12527
698 1941 146
699 1450 6984
700 910 5955
700 1306 2376
700 1805 25312
701 122 26027
701 156 1037
701 815 26705
701 1725 24850
701 1960 4321
702 824 22857
703 19 20865
703 496 6005
703 551 5553
703 1610 30472
703 1889 17957
704 18 24495
704 392 15441
704 512 3283
704 1018 28973
704 1645 3216
705 1005 25620
705 1096 12051
705 1245 3483
705 1974 13299
706 98 7765
706 786 7552
706 1437 11019
707 1899 6830
708 4 26478
708 480 26867
708 1292 12251
708 1724 577
708 1959 10184
708 2031 5616
709 1309 27429
710 364 7691
710 760 8888
710 1035 27993
710 1600 15527
711 614 977
711 770 32383
711 1131 29043
711 1429 14797
711 1434 11191
712 1064 13108
712 1971 17997
713 332 7024
713 595 4804
713 1736 25537
713 1991 29617
714 190 7383
714 421 5347
714 571 29167
714 823 12928
714 1069 3925
714 1205 20800
714 1271 14806
714 1501 7335
714 1536 31343
714 1567 24986
714 1773 4747
714 1788 28886
715 777 3007
715 1447 5560
715 1628 395
715 1922 5693
716 1409 21010
716 2034 4135
717 85 9974
717 696 7667
717 1762 31412
718 200 24359
718 1085 10889
718 1852 11598
719 318 26882
719 358 28670
719 417 29762
719 509 31565
719 1093 384
719 1284 1479
720 818 803
720 1247 30909
721 1042 32014
721 1689 25478
721 1961 10214
722 311 31617
722 451 12473
722 627 27928
722 744 19011
723 63 29716
723 206 9941
723 710 22184
723 1360 23660
723 1833 10391
724 368 13888
724 1524 6623
724 1671 27190
724 1953 12637
725 572 5081
725 604 20013
725 965 28469
725 1916 18433
726 73 5562
726 189 21059
726 1438 1959
727 26 2913
727 219 5185
727 396 1231
727 846 14141
727 1302 7077
727 1344 31622
728 88 31134
728 1775 28087
729 196 12329
729 1843 22441
729 1912 704
730 400 20984
730 1880 24952
732 471 2471
732 1513 6758
732 1646 4085
733 465 7758
733 730 2298
733 907 18743
733 1241 605
733 1742 31338
733 1748 29868
734 158 19332
734 272 17329
734 1360 15364
735 107 22999
735 546 31602
736 270 7522
736 1078 11207
737 157 13774
737 936 32129
737 1517 1324
737 1553 28240
738 577 20885
738 2008 12977
738 2016 14467
739 415 31678
740 67 26817
740 86 7525
740 712 25521
740 726 30939
740 2008 1152
741 28 3650
741 69 15339
741 777 16916
741 1114 7634
741 1665 4608
741 1795 23665
742 711 4714
742 833 19102
742 1429 6926
742 1641 24219
743 363 28379
743 1923 6509
745 35 21326
745 1235 2012
745 1923 6795
746 521 26882
746 753 12841
746 788 173
746 816 31785
746 885 14399
746 1015 20258
747 677 373
747 1032 23652
747 1755 7721
748 444 22657
748 747 9448
748 824 15592
748 2004 373
749 390 14487
749 1026 18360
749 1315 353
749 1646 417
750 636 30124
750 748 25283
750 1190 23152
750 1633 22749
751 833 6313
752 427 16101
752 506 21723
752 835 4448
753 630 8088
753 1086 25240
753 1534 14007
754 748 28275
755 6 21993
755 224 20055
755 586 2370
755 1233 27852
755 1418 16100
755 1584 20205
755 1706 30493
756 1176 26119
756 1816 12745
757 775 14048
757 1403 13582
757 1879 5162
757 1922 16364
758 111 2738
758 293 32153
758 1892 5394
758 2021 29930
759 349 28408
759 400 12288
759 690 23364
759 1137 25149
759 1993 4305
760 106 15166
760 921 17501
760 934 157
760 998 28504
760 1107 31092
760 1323 11962
760 1997 2487
761 509 25155
761 2002 27374
762 867 17390
762 1226 17580
762 1239 20106
762 1507 23586
762 1616 4251
762 1895 15635
763 55 6549
763 57 14540
763 213 9014
763 291 30067
763 820 7464
763 934 7796
763 956 13536
764 181 9853
764 639 28265
764 1415 27618
765 479 24742
765 807 57
765 1744 27751
765 1877 23373
766 1273 13138
767 172 31609
767 285 26504
767 1081 371
767 1202 30545
767 1585 25366
768 90 6929
768 947 24695
768 1411 14784
768 1827 768
769 80 16714
769 103 26366
769 1537 3966
770 244 21166
770 566 27626
770 1450 18802
771 8 31622
771 1586 24864
771 1616 17034
771 1763 30936
772 195 3653
772 1051 27557
773 712 11063
773 1135 30025
773 1575 3271
774 1670 24157
774 1956 28424
776 383 19373
776 408 7471
776 413 7683
776 1519 221
776 1543 19906
776 1622 3511
777 187 7628
777 345 21422
777 1204 2471
777 1861 27501
778 292 29723
778 371 4115
778 471 9478
778 1323 10363
778 1334 199
779 193 29136
779 1663 31266
779 1791 11165
779 1828 11480
779 1883 15516
780 768 9879
780 1310 22763
781 181 899
781 194 18613
781 730 30411
781 1059 22185
781 1120 4192
781 1486 10384
781 1546 16480
781 1689 1449
782 1366 13949
782 1726 12610
783 249 8536
784 317 16080
784 1074 25210
784 1256 11818
785 31 18180
785 50 5052
785 647 22928
785 1674 18952
786 196 2657
786 233 8024
786 836 22461
787 164 29689
787 514 17626
787 1007 21435
787 1397 29086
787 1529 11885
787 1949 12023
788 15 723
788 498 26436
788 1045 24464
789 339 17175
789 1134 23701
789 1879 25823
791 51 9681
791 1031 31118
791 1057 12372
791 1310 3954
791 1504 21420
791 1829 8405
792 1162 13656
792 1549 1686
793 134 16723
793 1063 16406
793 1366 28206
793 1443 16757
793 1787 4428
793 1800 13440
794 305 566
794 849 26188
794 1333 700
794 1644 12665
794 1705 17445
795 1731 19917
795 1908 8375
796 200 30625
796 623 927
796 944 30738
796 1095 6061
796 1327 20193
796 1857 21639
797 859 7793
798 385 5066
798 561 18127
798 1103 8003
798 1214 8471
798 1217 31346
799 938 23802
799 1078 14514
799 1301 9816
800 154 6646
800 642 31570
800 1046 30862
801 532 4774
801 902 5815
801 1145 15551
801 1624 16925
801 1730 10387
801 1755 6564
802 697 20134
802 1078 8480
802 1812 21997
802 2046 8185
803 39 13301
803 181 3086
803 544 18322
803 610 2393
803 625 11422
803 939 1853
803 1774 21075
803 1783 10476
804 388 693
804 706 12545
804 850 18498
804 1176 20239
804 1327 22982
804 1916 21501
805 67 13308
805 138 548
805 783 26458
805 1118 12626
806 356 22344
806 429 17106
806 831 8187
806 887 10345
806 1864 5050
806 1979 28675
807 700 10741
807 982 9571
807 1550 19397
808 1382 24959
809 711 15785
809 991 8849
809 1365 28926
810 148 846
810 1547 24981
811 117 23455
811 362 19680
811 1020 14733
811 1884 11958
812 48 21434
812 205 22456
812 529 29887
812 633 26409
812 873 7015
813 2030 27083
814 1419 11534
814 1788 13768
814 1871 22247
815 63 7546
815 157 5222
815 482 12739
815 1259 7027
815 1446 25578
815 1723 18792
815 1830 15317
816 1031 7621
816 1400 31849
817 604 18721
817 1223 30999
817 1461 7872
817 1470 18421
818 1020 8034
818 1941 5010
819 42 19261
819 553 16303
819 1221 20615
820 142 435
820 1006 27600
820 1098 2181
820 1183 29220
820 1220 26844
820 1251 17475
820 1320 2293
820 1551 19718
820 1754 24686
821 960 14972
821 1120 24040
821 1178 25134
821 1980 11829
822 515 6914
822 541 1001
822 1896 17961
823 145 15076
823 184 26611
823 940 32293
823 1559 10962
824 295 26552
825 408 22407
825 1529 19838
825 1807 10230
826 801 22068
826 1628 22828
827 800 22282
827 1296 16437
827 1979 10053
829 372 8799
829 631 13056
829 1117 17685
830 672 25767
831 59 5555
831 1019 27492
831 1098 12164
831 1596 18834
831 1916 8444
832 86 24196
832 1411 12777
832 1916 345
833 691 25050
833 872 11713
833 1037 6906
833 2014 25139
834 722 11135
834 1443 10864
835 330 11464
835 426 20514
835 1640 24583
836 168 31347
836 320 4489
836 989 25857
837 1173 16677
837 1317 32363
837 1353 17504
837 2044 17315
839 315 16157
839 683 17183
839 858 6416
839 1057 15487
839 1536 5627
839 1615 2549
840 209 7168
840 634 17581
840 731 20028
840 1463 31399
840 1596 27252
841 71 28766
841 133 930
841 918 4609
841 1598 28221
841 1947 3400
842 339 3137
842 571 7083
842 1452 25796
842 1591 5299
842 1706 28194
842 1823 24289
843 102 2654
843 800 6842
844 413 28876
844 805 3344
844 1223 15999
844 1570 12010
844 1947 10988
845 361 25134
845 886 32408
846 159 24251
846 204 12652
846 1452 17875
846 1751 20000
847 236 21081
847 1039 22707
847 1314 13085
847 1764 32360
847 1855 6607
848 407 17250
848 676 31744
848 1275 9807
848 1598 13195
848 1697 10976
849 469 4667
849 798 12371
850 455 25997
850 1271 5162
850 1504 31147
851 564 27071
851 787 589
851 1236 32643
852 1415 20655
853 516 153
853 896 3317
853 1528 12836
853 1859 23432
854 339 7376
854 378 20496
854 1242 32138
854 1885 4404
855 1846 1367
855 1917 7002
855 1952 16380
856 200 9174
856 436 16724
856 1282 14417
857 1709 17958
857 1896 1048
857 2017 14554
858 1004 26407
858 1472 13753
858 1516 25930
859 643 13066
859 733 2997
859 880 14154
859 1250 24935
859 1852 5502
860 195 4397
860 300 849
861 976 21552
861 1973 8501
861 2037 8654
862 125 28581
862 327 28743
862 1383 22420
862 1478 27418
862 1689 589
862 1882 29287
862 1917 13982
862 2047 1636
863 780 8846
863 949 18667
863 1068 9722
863 1719 30307
863 1950 7359
864 859 515
864 1353 13632
864 1859 8443
865 177 8949
865 287 27943
865 309 5571
865 409 8165
865 660 21799
865 961 20543
865 1343 27669
865 1516 14762
866 544 19203
866 712 18984
866 923 13953
866 1440 7758
867 349 24517
868 306 19112
868 841 495
869 982 11712
869 1062 27671
870 1881 16874
870 1989 4675
871 397 16544
871 710 27158
871 1062 16365
871 1151 25838
871 1481 13636
871 1562 31846
871 1851 30346
872 1191 7197
872 1917 20844
873 415 15029
873 1362 28796
874 476 20485
874 674 4764
874 930 25099
875 894 10325
875 1104 6351
875 1357 11434
875 1560 2925
877 1186 23828
878 260 30841
878 1833 1009
878 1859 21320
879 728 13524
879 900 11667
879 1082 6933
880 1276 2760
880 1450 20436
880 1688 16981
881 863 8645
881 1061 3257
881 1509 9513
881 1820 75
882 1135 3817
882 1171 29192
883 300 20765
884 214 28137
884 438 27216
884 495 30024
884 1944 18670
885 62 21665
885 241 24648
885 594 28944
885 2039 31391
886 741 27111
886 772 6644
886 912 26974
886 1770 20466
886 1915 17234
886 1987 31079
887 918 3034
887 1745 9611
887 1824 15576
888 817 24156
889 1052 28988
889 1899 29732
890 550 23342
890 599 25253
890 767 28952
891 1574 23257
891 1976 20405
892 160 14169
892 1910 16224
893 86 3663
893 293 14184
893 506 12609
894 21 21753
894 1196 9993
894 1354 9966
894 1531 26465
894 1719 24832
894 1740 29656
894 1874 21826
895 305 10465
895 727 7014
897 130 19252
897 1485 30650
897 1625 15409
898 257 22850
898 1435 15869
900 142 3668
901 408 5409
901 1604 15393
901 1830 22995
901 1942 27535
902 844 28997
902 1099 18265
902 1349 18702
902 1844 16525
903 352 27319
903 566 12699
903 1516 30543
904 816 3056
904 914 14707
904 1051 22153
904 1198 14795
904 1280 23702
904 1369 24379
904 1419 11244
904 1730 22126
904 1794 15413
905 83 30929
905 1872 16494
906 1266 22643
906 1439 31347
906 1516 83
906 1866 11037
907 874 29193
907 1071 31469
907 1780 29655
908 1015 23243
908 1104 8703
908 1405 9638
908 1756 11150
908 1765 4680
909 559 21245
909 1263 7661
910 818 25482
910 1917 10669
911 1573 1939
911 1615 393
912 691 17584
912 1185 27387
912 1975 4327
913 546 14698
913 768 28418
913 1097 12578
913 1574 14031
914 260 19166
915 368 9045
915 715 24310
915 752 17330
915 830 24284
915 1927 813
916 318 25363
916 713 22138
916 782 1922
916 1642 23573
917 162 22081
917 1219 2636
917 1863 5427
918 502 1464
918 681 9759
918 919 17876
918 1663 7699
919 887 31346
919 1809 18762
919 1896 15820
919 1906 17671
920 356 10513
920 795 29451
920 923 11830
920 970 10840
920 1330 24979
920 1507 32736
920 1810 2438
921 113 22011
921 241 22442
921 992 25407
921 1760 8084
922 127 26930
922 269 9973
922 327 17075
922 1322 10218
922 1502 19203
922 1659 14148
923 1314 8105
923 1686 26810
924 543 23584
924 643 5459
924 775 31726
924 1689 31614
925 1063 7268
926 792 15648
926 824 11785
926 1788 30385
927 1322 803
927 1766 20791
928 247 5324
928 783 27448
928 1055 9788
928 1331 3101
928 1469 3269
928 1899 15220
929 483 27522
929 556 25540
929 1238 31517
929 1820 553
929 1839 29353
929 1881 12957
930 147 29772
930 728 16080
930 1049 4156
931 481 1717
931 1353 24789
932 38 21961
932 300 1251
932 407 2651
932 591 10709
932 1144 14528
932 1477 1823
932 1652 26468
933 987 10843
933 1620 2999
933 1659 6747
933 1783 3746
934 876 18996
934 1186 31434
934 1500 17299
935 1723 25628
935 1864 2103
936 602 1798
936 1124 18786
937 1348 21731
937 1384 29756
938 183 20673
938 836 22673
938 1715 6054
938 1886 26460
939 420 11810
939 581 20440
939 842 5476
939 1221 12201
939 1330 19627
940 216 28281
940 307 27443
940 960 22583
940 1758 31006
941 247 19522
941 353 29726
941 1587 9993
941 1941 12471
942 710 24829
942 998 32425
942 1157 20215
942 1206 22143
942 1297 11295
942 1523 20360
942 1625 6648
942 1784 27686
942 2004 28208
943 188 23519
943 985 13158
943 1411 9089
944 30 1148
944 334 21056
945 206 22328
945 336 26443
945 445 5467
946 930 29476
946 1624 14946
947 611 30172
947 664 29820
947 919 27444
947 1284 29796
947 1425 16881
947 2039 1988
948 247 25696
948 954 16117
948 1531 31669
948 1995 18301
949 832 13863
949 981 21851
949 1010 9364
949 1526 8656
949 1550 8091
950 779 29732
950 1380 29226
950 1618 9775
951 434 883
951 641 22756
951 795 32528
951 1266 14648
951 1589 12857
952 193 19318
952 443 29340
952 571 26739
952 1690 20395
952 1878 5882
953 542 27104
953 905 3077
953 1232 28307
953 1531 1617
954 1700 12371
954 1984 10527
955 327 1991
955 331 672
955 561 24958
956 191 31716
956 943 21539
956 1189 8551
956 1383 4366
956 1810 10507
956 1931 15124
957 646 8528
957 1310 19906
957 1376 22353
957 1445 23547
957 1523 7193
957 1719 11657
958 974 4001
958 1527 1610
958 1958 9960
959 45 3484
960 101 28687
960 645 11477
960 728 10484
960 793 29619
960 1428 31944
960 1975 19579
961 1684 17100
961 1738 23598
961 2026 10459
962 409 28515
962 1317 11589
963 445 22244
963 1595 6775
964 1704 9901
965 141 26518
965 278 32319
965 700 14478
965 1015 27046
965 1124 12179
966 918 2092
966 1415 31283
966 1922 7267
966 1971 8027
967 223 11677
967 261 22156
967 352 31772
967 964 24752
967 1852 10650
968 256 995
968 1107 27644
968 1354 20468
968 1821 28713
969 341 11874
969 667 30685
969 908 464
969 930 8568
970 877 13739
970 1202 3483
970 1962 5165
970 2025 27591
971 5 11077
971 426 31859
971 1039 5037
971 1338 20953
971 1353 2483
971 1750 11916
972 304 17433
972 896 20680
972 1725 25192
973 43 7686
973 830 31093
973 1869 18269
974 218 3082
974 629 27709
974 688 3461
974 756 28497
974 1714 14080
975 632 24773
975 743 32585
975 1349 29633
975 2009 4413
976 332 27015
976 825 31086
977 671 16066
977 709 2791
977 1747 502
978 817 25460
978 1079 14237
978 1796 24688
978 1990 22466
979 2 5390
979 1144 25249
979 1669 19164
979 1979 24639
980 289 383
980 590 18528
980 1222 7327
981 1259 22176
982 275 3516
982 1443 11698
982 1549 16525
982 1616 7414
982 1681 2852
983 571 25229
983 794 17573
983 1331 27844
983 1745 20380
984 182 26860
984 399 952
984 410 19078
984 565 3001
984 1408 2416
984 1953 11817
985 546 21731
985 695 26453
985 725 21530
985 2007 23966
986 131 8821
986 328 9498
986 779 1677
986 857 21934
986 1095 2217
986 1883 18430
987 74 17101
987 899 24692
987 1687 5372
988 1725 2600
988 1773 15811
988 1824 22527
989 745 3269
989 1114 17192
989 1204 11804
989 1502 19037
990 660 18152
991 349 27986
991 998 31663
991 1090 18950
992 755 16939
993 514 30297
993 722 128
993 763 16033
993 778 17798
993 1257 13781
993 1379 24547
993 2003 12777
994 528 29610
994 1058 30841
994 1121 8782
994 1149 11437
994 1341 27997
994 1376 8659
994 1527 24144
995 418 7937
995 453 4965
995 670 23263
995 1558 6888
996 46 25371
997 427 12198
997 2040 6524
998 218 17606
998 859 1338
999 1631 9809
999 1650 9888
1000 71 15420
1000 1622 13802
1001 616 20244
1001 1111 23329
1001 1724 3473
1001 2029 4906
1002 16 22701
1002 1551 10713
1003 161 17661
1003 240 13522
1003 379 28616
1003 891 20858
1003 1046 17839
1004 843 26118
1004 979 4302
1004 1554 28222
1004 1886 14003
1005 1851 28533
1005 1896 19160
1006 749 7553
1006 751 3694
1006 846 25561
1006 1258 1092
1006 1684 9984
1007 721 24383
1007 869 9281
1007 1220 30430
1008 575 13115
1008 984 24303
1008 1442 5096
1008 1481 31638
1008 1845 4869
1009 516 21962
1009 571 29910
1009 586 25940
1009 686 24623
1009 1218 23098
1009 1340 28285
1009 1541 406
1009 1885 15486
1010 816 451
1010 916 31753
1011 70 32264
1011 324 22206
1011 2020 16954
1012 603 21457
1012 810 17251
1012 1173 28118
1012 1305 7418
1012 1593 3748
1013 430 8577
1013 445 1945
1013 1021 8416
1013 1906 4949
1013 1949 2000
1014 44 9931
1014 503 1594
1015 436 20207
1016 247 17516
1016 709 12746
1016 884 30237
1016 971 28977
1016 1051 30231
1016 1627 5117
1016 1794 27297
1016 1894 18216
1017 371 23838
1017 726 5740
1017 1834 28814
1018 1364 4489
1018 1808 2626
1019 388 17811
1019 432 15649
1019 609 32089
1019 1639 28056
1019 2001 29145
1019 2046 2243
1020 408 10977
1020 1066 21952
1021 125 6880
1021 432 30399
1021 705 16246
1021 1097 18782
1021 1350 16231
1021 1521 14660
1022 1598 4890
1022 1849 15277
1023 295 14796
1023 1054 31257
1024 1437 29180
1025 132 5917
1025 1314 21801
1026 804 3145
1026 819 9425
1026 1376 10131
1027 851 31361
1027 1228 15694
1027 1470 11524
1027 1732 124
1027 1777 16187
1027 1889 14040
1028 1383 31651
1028 1835 14428
1029 314 6039
1029 586 6942
1029 1114 9819
1029 1671 13413
1030 652 13121
1030 1085 22753
1030 1851 23607
1030 1976 14656
1031 97 26461
1031 304 12534
1031 531 16550
1031 614 3304
1031 876 1342
1031 1791 6180
1031 1797 20961
1031 1993 6094
1031 1998 17240
1032 1406 11715
1032 1410 28073
1032 1974 4491
1033 786 31312
1033 1812 4667
1033 1940 3861
1034 1253 24198
1035 867 25780
1035 1946 3709
1036 643 7659
1036 1010 32045
1037 985 20565
1037 998 29348
1038 642 18041
1038 808 25689
1038 1718 20695
1038 2039 5211
1040 445 30733
1040 1056 32207
1041 1264 19190
1041 1279 11284
1041 1320 5712
1042 61 31871
1042 671 20313
1042 1053 16944
1042 1263 20761
1042 1977 2153
1043 207 12087
1043 376 22507
1043 571 30007
1043 1753 5497
1044 80 4693
1044 229 23740
1044 854 31322
1044 925 21051
1044 1035 5683
1044 1929 31449
1045 0 1606
1045 263 31750
1045 275 15362
1045 949 30475
1045 1484 24439
1046 1044 22097
1046 1526 30988
1046 1689 31870
1046 1776 23425
1047 455 27557
1047 644 17846
1047 938 17048
1047 982 1448
1047 1076 14108
1047 1270 31035
1047 1740 16534
1048 1019 21648
1048 1139 4322
1048 1199 5296
1048 1570 18820
1049 94 13596
1049 180 12722
1049 947 3519
1049 1166 13410
1049 1798 28716
1050 1075 22145
1050 1236 21816
1050 1898 21069
1051 182 28837
1052 434 24652
1052 1020 25478
1052 1743 21105
1053 61 25361
1053 696 27120
1053 721 8961
1053 1140 31197
1053 1207 27783
1054 320 1276
1054 468 17503
1054 672 25026
1054 2000 10305
1055 503 15591
1055 1436 15054
1056 739 11862
1056 952 20214
1056 1671 9031
1057 325 12416
1057 357 13017
1057 373 15421
1057 1076 16647
1057 1888 16266
1058 1485 23141
1058 1596 21091
1059 309 16137
1059 517 5830
1059 615 31896
1059 786 15640
1059 1266 12555
1060 271 28159
1060 1682 10160
1061 323 31365
1061 650 4446
1061 709 15153
1061 811 20626
1061 1002 29141
1062 418 12848
1062 547 7929
1062 869 12669
1063 766 23368
1063 967 14900
1063 1563 7794
1064 412 12346
1064 744 23077
1064 1141 7488
1064 1447 11135
1065 279 5829
1065 298 26848
1066 1015 31352
1067 25 16906
1067 418 29884
1067 1303 28915
1067 1507 15380
1067 2025 7601
1068 2003 5304
1069 972 16168
1069 977 10672
1070 1 29486
1070 199 3120
1070 224 22393
1071 938 19074
1071 972 3683
1071 1725 22524
1072 51 18842
1072 1126 7866
1072 1823 14234
1073 1430 11550
1073 1753 32400
1073 1875 5627
1074 440 1914
1074 1146 30754
1075 707 1088
1075 1246 5293
1076 832 6944
1076 959 2210
1077 80 13817
1078 275 31094
1078 886 20273
1079 1109 14718
1079 1627 31334
1080 744 5794
1080 792 14372
1080 1182 30990
1080 1361 5146
1080 1758 28847
1080 1817 26760
1081 68 17082
1081 871 4397
1081 1238 31596
1081 1758 20756
1081 1976 32138
1082 1233 24955
1082 1414 17657
1083 623 13761
1083 627 457
1083 797 29356
1083 1720 29416
1083 1925 15692
1084 99 13276
1084 286 7971
1084 869 2319
1084 1083 1135
1084 1410 10081
1084 1547 25435
1085 75 1119
1085 532 30473
1085 747 2369
1085 950 11918
1085 1051 9649
1085 1645 25544
1087 1078 19493
1087 1925 3933
1088 1605 30177
1088 1624 30170
1089 155 28831
1089 442 5242
1090 55 16253
1090 1093 24959
1090 1370 986
1090 2000 32477
1091 132 30919
1091 1105 10821
1091 2015 9157
1092 472 1292
1092 620 11668
1092 944 10857
1092 1462 6388
1092 1798 20693
1093 221 29925
1093 395 29749
1093 1553 7991
1094 963 5299
1094 1605 19823
1094 1768 28615
1095 531 21066
1095 649 26603
1095 989 28304
1095 1863 25177
1095 1877 729
1096 1316 7793
1096 1531 11903
1096 1635 10592
1096 1960 12540
1097 356 9875
1097 411 25294
1097 434 22413
1097 497 32720
1097 508 2045
1097 1217 22423
1097 1370 31145
1097 1632 25009
1097 1993 2286
1098 806 13132
1098 1126 12887
1099 1769 6460
1101 392 30803
1101 664 5800
1101 952 11623
1101 1112 16979
1102 552 20256
1102 610 30618
1102 786 12962
1102 1242 17182
1103 73 26608
1103 1807 2403
1104 1187 25099
1105 46 30694
1105 602 22794
1105 699 1205
1105 1067 17140
1105 1708 12753
1106 622 12966
1106 648 23273
1106 689 7432
1106 1308 12992
1107 181 8621
1107 211 8702
1107 928 199
1108 749 9018
1108 810 9160
1108 946 9886
1108 1079 398
1108 1441 6343
1108 1611 22451
1108 1663 9051
1108 1772 21973
1109 1269 17136
1110 627 16221
1110 1680 24572
1111 717 13579
1111 1723 3057
1111 1985 24427
1112 512 7952
1112 1122 3315
1113 30 5823
1113 204 26773
1113 345 11891
1113 1083 21157
1113 1588 19009
1114 1575 18309
1115 495 31150
1115 793 31
1115 836 28396
1115 1326 23132
1115 1950 32415
1116 332 29708
1116 734 15026
1116 925 29052
1116 1989 18222
1117 478 10127
1117 914 29093
1117 1488 12963
1118 346 20590
1118 949 27448
1118 985 31052
1118 1861 19997
1119 508 12492
1119 717 19492
1119 905 27883
1119 1028 31061
1119 1176 10998
1120 174 2912
1120 318 10796
1120 602 111
1120 770 17461
1121 1506 11869
1121 1520 7323
1121 1860 27665
1122 412 20828
1123 707 5242
1123 1279 22842
1124 9 11400
1124 295 6467
1124 336 5370
1124 1372 29457
1124 1792 14933
1125 267 22810
1125 901 9302
1125 1463 17189
1125 1588 30513
1126 556 16149
1127 948 8360
1127 1455 3448
1127 1657 6551
1127 1755 10736
1128 1686 15401
1129 131 23328
1129 161 12454
1129 1363 5651
1130 926 26607
1130 1556 23558
1131 216 24891
1131 445 24921
1131 468 3160
1131 718 22237
1131 821 20028
1131 1457 2973
1131 1728 27947
1132 894 26170
1132 1217 3402
1132 1780 29923
1133 1273 13424
1133 2035 1532
1134 532 21869
1134 1030 17746
1135 728 14859
1135 1070 29461
1135 1789 25292
1136 435 20907
1136 477 21965
1136 635 30870
1136 996 16362
1136 1314 18851
1137 287 13627
1137 339 23532
1137 1389 7954
1138 1016 9791
1138 1066 31755
1138 1907 24528
1139 279 10756
1139 836 18086
1139 1486 31337
1139 1532 23263
1139 1656 15598
1140 267 19880
1140 628 21845
1140 1025 8735
1140 1790 32614
1141 1278 24735
1141 1783 22864
1142 665 16444
1142 817 4635
1143 590 27337
1143 650 32518
1143 1753 4691
1144 365 21705
1144 489 22228
1145 7 27583
1145 143 6102
1146 187 18548
1146 710 23855
1146 1307 18776
1146 1903 3751
1147 559 23802
1147 1928 1354
1148 153 20149
1148 680 19617
1148 1775 20988
1149 180 26102
1149 469 8001
1149 874 26044
1149 1164 3417
1149 1494 18424
1149 1596 14269
1149 1952 2221
1150 233 13249
1150 250 6336
1150 1245 26492
1150 1360 25688
1150 1555 6519
1150 1565 20651
1150 1863 9402
1150 1924 24223
1151 100 11907
1151 301 8937
1151 1395 31064
1151 1804 24898
1152 100 8487
1152 422 32296
1152 924 20148
1152 1223 10057
1152 1659 16385
1153 543 23833
1153 1009 14015
1153 1068 844
1154 10 31289
1154 763 2637
1154 1005 9260
1154 1082 14527
1154 1859 4651
1155 482 415
1155 649 26964
1155 1456 20453
1155 1555 11994
1155 1632 4352
1157 1147 1161
1157 1273 7934
1157 1671 8488
1157 1769 5228
1158 1279 1933
1158 2019 10191
1159 183 20338
1159 1423 13511
1160 129 16748
1160 1788 13147
1160 1989 26386
1161 1628 25104
1162 871 31675
1162 1364 20080
1163 600 31808
1163 663 4479
1163 834 14968
1163 1268 9779
1164 587 15969
1164 1979 26480
1165 521 7891
1165 991 23511
1165 1553 28277
1165 1959 2367
1166 123 6853
1166 241 16569
1166 1688 427
1167 175 32547
1167 1046 14628
1168 211 30454
1168 342 27598
1169 253 11068
1169 300 29585
1169 548 30438
1169 646 12684
1170 720 23578
1170 1236 7420
1170 1494 19114
1171 550 29576
1171 1890 3621
1172 571 22092
1172 582 236
1172 1421 10286
1172 1437 2816
1172 1517 7938
1172 1796 24057
1173 638 12132
1173 1730 26908
1174 192 12004
1174 1733 5605
1175 1137 32620
1175 1258 25147
1175 1468 19521
1176 123 4040
1176 138 6420
1176 142 31125
1176 155 24737
1176 870 17575
1176 1685 16413
1176 2026 8226
1177 12 4242
1177 59 27912
1177 1263 20897
1178 39 14309
1179 256 6706
1179 962 5797
1179 1432 3995
1179 1622 2661
1180 78 17433
1180 388 25779
1180 1370 15680
1180 1944 31006
1181 56 28855
1181 719 18518
1182 1366 32062
1183 1127 6916
1183 1380 19593
1184 338 13390
1184 588 27307
1184 1757 7037
1184 1879 6379
1184 2020 639
1185 303 31057
1185 317 6960
1185 712 12844
1185 1432 460
1186 213 32135
1186 1259 30073
1187 460 6458
1187 1354 30478
1187 1465 6868
1188 275 14491
1188 1891 22569
1189 149 27924
1189 214 9979
1189 1094 24292
1189 1265 4456
1190 2 4824
1190 343 30566
1190 521 24060
1190 962 8170
1190 1201 25125
1191 100 67
1191 480 4988
1191 574 16118
1191 1475 13436
1192 990 6260
1192 1087 10058
1192 1648 8235
1192 1881 23480
1193 315 23263
1193 1869 9151
1194 236 6417
1194 772 18675
1194 811 30006
1196 486 17281
1196 1203 2460
1196 1219 13379
1196 1924 13357
1197 63 4606
1197 206 27308
1197 1438 22707
1197 1538 19687
1198 921 9631
1199 933 30057
1199 1123 28734
1199 1466 28158
1199 1803 5505
1200 1025 13250
1201 851 8500
1201 995 29317
1201 1127 25906
1201 1327 1931
1202 1050 21335
1202 1114 17773
1203 276 7393
1203 508 4287
1203 519 24139
1203 661 14373
1203 1837 22094
1203 2033 20393
1204 39 15552
1204 971 32352
1204 1130 7912
1204 1745 16708
1204 1893 27996
1205 582 32569
1205 951 28379
1205 1577 25925
1205 1862 23820
1205 1915 30830
1206 53 25561
1206 417 13591
1206 992 28502
1206 1380 20940
1208 38 6517
1208 131 27379
1208 901 29987
1208 914 22582
1208 1869 11526
1209 753 6805
1209 770 6394
1209 899 16750
1209 982 30523
1209 1230 15402
1209 1305 28477
1210 1788 9190
1211 537 3867
1211 1131 15929
1211 1443 11983
1211 1742 14632
1211 2021 1906
1212 34 15402
1212 152 16499
1212 222 7848
1212 736 14773
1212 1359 30633
1212 1941 31277
1212 2035 15065
1213 321 17361
1213 1332 30707
1214 1083 11793
1214 1193 9420
1214 1879 28422
1216 515 30020
1216 831 10520
1216 889 25288
1216 1236 24516
1216 1513 17904
1217 193 24292
1217 1409 7332
1217 1625 13733
1217 1664 3462
1217 1815 6786
1217 1855 26354
1218 56 4087
1218 1044 28598
1218 1682 9273
1219 908 22553
1219 1724 14222
1220 1498 18038
1220 1502 32098
1221 921 24861
1221 1071 6807
1222 894 14926
1222 1007 31701
1222 1405 17128
1222 1543 26456
1222 1620 23393
1222 1750 8595
1223 439 21585
1223 1321 5426
1223 1326 1370
1223 1833 25804
1224 1762 28591
1224 1895 896
1225 114 9918
1225 431 21146
1225 451 26749
1225 801 16072
1226 143 7766
1227 251 11400
1227 1490 4104
1227 1710 18441
1228 623 25677
1228 1476 20790
1229 156 6993
1229 491 19632
1230 63 15458
1230 919 13154
1230 2006 17187
1231 978 16694
1231 1329 27122
1232 815 5042
1232 1477 5689
1232 1656 20896
1232 1789 281
1233 198 27880
1233 295 25476
1233 1103 19671
1233 1483 6718
1233 1532 18031
1233 1590 9408
1233 1969 18310
1235 928 10684
1235 1708 14033
1235 1977 20011
1236 1009 26719
1236 1782 26603
1236 1849 341
1236 1854 30905
1236 1886 500
1236 1892 25298
1236 2042 11722
1237 533 10744
1238 197 5900
1238 354 22266
1238 783 3604
1238 1451 29789
1238 1801 29270
1239 638 22929
1239 847 19960
1239 929 24229
1239 1892 19451
1240 202 11529
1240 388 113
1240 934 10801
1240 1096 11516
1240 1701 3591
1241 224 24001
1241 1311 22532
1241 1318 9315
1241 1665 9936
1243 509 16012
1244 853 8851
1244 1806 14731
1244 1830 29280
1244 1961 3862
1245 132 2267
1245 649 29491
1245 1986 26265
1246 823 24793
1246 930 22220
1246 1483 30008
1246 1789 32511
1246 1820 23217
1247 112 8668
1247 519 11481
1247 1049 22066
1249 129 3596
1249 540 16821
1249 1027 3823
1249 1278 8235
1249 1408 10293
1250 113 13085
1250 463 12571
1250 587 15832
1250 595 554
1251 241 7839
1251 1160 9420
1251 1604 28093
1252 761 30590
1252 1233 1726
1253 7 536
1253 608 4180
1253 834 317
1253 1501 23370
1254 189 8527
1254 1207 22290
1254 1225 28801
1254 1842 7826
1255 1079 11584
1255 1506 839
1256 186 28485
1256 422 17444
1256 479 20348
1256 794 5185
1257 72 24985
1257 1940 24749
1258 708 11865
1258 1776 2191
1259 819 5431
1260 1109 4773
1260 1457 18295
1260 1742 30005
1260 1794 7315
1261 145 28546
1261 863 10950
1261 1435 30660
1261 1595 26936
1261 1894 25903
1261 1988 16197
1262 570 29327
1262 795 9475
1262 1454 27903
1262 1773 20142
1263 448 251
1263 945 30827
1263 1576 21259
1264 648 29033
1264 667 26506
1265 114 7467
1265 577 27221
1265 882 30847
1265 1162 17379
1266 500 20653
1266 1190 19703
1267 410 13583
1267 1272 18193
1267 2026 17921
1268 52 16861
1268 432 30890
1268 701 11428
1268 1356 1020
1268 1929 16622
1268 2004 20934
1269 226 11523
1269 879 32022
1270 652 5938
1270 677 24458
1270 2018 32474
1271 403 14167
1272 1467 22244
1273 725 25839
1273 1134 4115
1274 1083 1796
1274 1101 6277
1274 1438 22995
1274 1456 7671
1274 1785 26791
1275 39 32401
1275 684 31471
1276 825 10087
1277 1711 5871
1278 216 25195
1278 267 29266
1278 1674 7370
1279 633 26231
1279 1645 24074
1280 920 28218
1280 1160 24706
1280 2034 23210
1281 276 27897
1282 282 6629
1282 480 1831
1282 1513 10611
1283 9 13923
1283 689 24310
1283 715 6684
1284 1531 144
1284 1595 31944
1284 2016 24111
1285 25 17382
1286 530 8902
1286 1158 7735
1286 1233 31003
1287 58 26565
1287 409 17865
1287 687 22233
1287 714 1732
1287 1132 3865
1287 1302 10214
1287 1503 21797
1288 1278 28827
1288 1796 8698
1289 447 32195
1289 628 17257
1289 813 10886
1289 1318 32073
1290 1147 29235
1290 1682 26609
1290 1830 2056
1291 1782 15744
1292 24 32087
1292 706 22747
1292 1108 3038
1292 1284 22359
1293 194 13362
1293 311 8670
1293 1227 10664
1293 1842 25779
1294 1032 29628
1294 1599 23765
1295 1207 6802
1296 516 11351
1296 532 13524
1296 619 5355
1296 1550 30188
1296 1836 10027
1298 9 10132
1298 61 20917
1298 238 20722
1298 1027 15703
1298 1447 17130
1298 1966 421
1299 538 30688
1299 583 19043
1299 592 1178
1299 1000 21443
1299 1254 32421
1300 312 23309
1300 326 874
1300 1446 25796
1301 254 31712
1302 1410 14343
1302 1463 29936
1302 1614 13791
1302 1798 31403
1303 727 8802
1303 1144 22239
1304 86 999
1304 786 14944
1304 1187 21606
1304 1588 5008
1304 1918 12564
1305 802 536
1305 854 8552
1305 1054 19872
1306 1728 10227
1307 243 21798
1307 707 31306
1307 755 10129
1307 995 15444
1307 1038 32274
1307 1045 1009
1308 145 27601
1308 383 701
1308 436 21061
1308 779 31797
1308 1166 22239
1308 1561 24319
1309 977 31012
1309 1036 24757
1309 1482 3201
1309 2035 13803
1310 526 21299
1310 1449 6689
1311 360 3949
1312 326 8863
1312 494 31362
1313 991 7831
1313 1365 2522
1314 482 6913
1314 649 29362
1314 712 26423
1314 1406 16469
1314 1557 7846
1315 596 19996
1315 1672 10913
1316 1284 1882
1317 602 15812
1317 1376 12021
1317 1792 5219
1318 202 21754
1318 695 28022
1318 867 23841
1319 35 12418
1319 454 5866
1320 61 19825
1320 377 10701
1320 420 2139
1320 1038 13685
1320 1691 16065
1321 1064 12295
1321 1128 27828
1321 1307 4586
1321 1335 27411
1321 1355 19895
1321 1529 12091
1321 1754 18238
1322 74 29083
1322 596 15166
1322 649 31658
1322 1622 1636
1323 390 30021
1323 891 13129
1324 1149 11098
1326 158 9935
1326 700 25681
1326 953 8143
1326 1302 23853
1326 1643 12621
1327 216 12928
1327 1362 19057
1328 999 16046
1328 1773 3144
1329 563 1933
1329 1522 16470
1330 550 11504
1330 816 14016
1330 1203 14248
1330 1442 11689
1330 1698 28109
1330 1865 9114
1331 369 12984
1331 2005 28721
1332 187 21938
1332 347 32064
1332 744 26459
1332 827 27263
1332 1458 309
1332 1861 24290
1332 1953 8464
1333 142 26156
1333 546 30889
1333 751 32227
1333 990 27137
1334 128 9083
1334 417 24298
1334 1152 10593
1334 1947 9365
1334 1992 17487
1336 460 25115
1336 705 30045
1336 796 20482
1336 1011 18181
1337 168 951
1337 453 21060
1337 831 32460
1337 1073 10984
1338 61 5815
1338 171 22070
1338 721 17792
1338 911 10533
1339 1307 24632
1339 1604 9682
1339 1705 10213
1340 1715 30499
1341 956 4717
1342 288 14604
1342 347 1051
1342 456 11129
1342 1291 7778
1342 1553 17258
1343 355 12862
1343 1443 23309
1344 589 4894
1344 829 4793
1344 1252 24991
1344 1305 4841
1344 1513 27031
1344 1572 11463
1345 562 8603
1347 296 28507
1347 579 5120
1347 1644 14225
1348 7 16250
1348 494 19743
1348 828 15629
1348 887 14031
1348 997 1013
1348 1465 5410
1349 1652 24754
1349 1826 30024
1350 1922 7127
1351 518 16933
1352 34 29055
1352 324 12101
1352 372 17523
1352 625 17115
1352 991 25343
1353 1273 6809
1353 1486 21983
1353 1616 24312
1353 1855 6973
1354 299 18950
1354 475 7079
1354 597 227
1354 695 8765
1354 1304 8817
1354 1662 18802
1354 1728 15489
1355 317 28699
1355 453 8112
1355 804 86
1355 955 14903
1355 1156 16049
1355 1954 28213
1356 738 26960
1356 1198 15158
1357 1054 13046
1358 14 15063
1358 970 9011
1358 1438 17812
1358 1889 22368
1359 47 20695
1359 239 31417
1359 848 13195
1359 886 24677
1359 1280 5069
1360 82 10542
1360 1326 27269
1360 1452 9640
1360 1483 4443
1361 250 28133
1361 395 29924
1361 405 15831
1361 954 16159
1361 1667 10593
1361 2046 26370
1362 677 26887
1362 773 25075
1362 1317 26017
1362 1361 6548
1362 1363 11273
1362 1692 27128
1362 1778 7703
1364 875 21953
1365 142 7528
1365 1626 20466
1365 1950 31963
1366 126 646
1366 170 12193
1366 597 7017
1366 1054 25661
1366 1379 26343
1366 2013 28931
1367 133 22912
1368 604 22495
1369 362 28371
1369 518 29411
1369 561 17137
1369 1112 28099
1369 1808 28658
1370 780 5016
1370 1273 26655
1371 685 23522
1371 1212 29915
1372 646 25089
1372 742 13166
1372 846 22408
1372 1187 31736
1373 29 21203
1373 588 11641
1373 1050 7384
1373 2042 14380
1374 210 12748
1374 1270 28497
1374 1321 17755
1374 1622 31030
1375 564 10518
1375 728 21766
1375 956 21218
1375 1632 7975
1376 459 19306
1376 1504 1471
1377 885 4298
1377 972 14630
1377 1409 24417
1377 1911 21046
1378 879 5065
1378 1305 3703
1379 906 22867
1379 1635 6119
1380 92 25388
1380 703 28149
1380 798 14265
1380 1434 22897
1380 1472 6257
1381 391 26002
1381 454 27143
1381 879 22637
1381 1885 23668
1382 231 25124
1382 407 1718
1382 1014 1491
1382 1069 30293
1382 1927 16623
1383 243 29725
1383 405 30074
1383 439 30675
1383 611 31614
1383 630 9277
1383 971 20221
1383 1010 12823
1383 1451 28615
1384 367 8607
1384 1351 10366
1384 1806 14812
1385 213 16761
1385 361 25340
1385 925 16525
1385 1060 10150
1386 1566 18969
1387 1757 18159
1387 2013 27013
1388 359 20881
1388 404 28026
1388 1737 17125
1389 20 24355
1389 977 28550
1389 1282 4391
1389 1709 31281
1390 247 5085
1390 911 23705
1390 1146 24038
1390 1943 3495
1391 1546 12708
1391 2045 21424
1392 80 27439
1392 131 97
1392 419 24583
1392 915 27055
1392 1106 11310
1393 261 29683
1393 444 6050
1393 1018 4793
1393 1536 29610
1393 1643 11402
1394 2017 19492
1395 781 9861
1395 1032 9710
1395 1769 4763
1396 194 15460
1396 394 19603
1396 1074 26407
1396 1613 6237
1397 59 1887
1397 210 2194
1397 1145 24079
1397 1291 10076
1398 223 634
1399 135 12529
1399 173 20846
1399 445 6294
1399 618 16342
1399 868 24978
1399 891 17686
1399 1305 9399
1399 1415 17309
1400 1052 8214
1400 1207 1599
1400 1208 16478
1400 1567 15687
1400 1925 16464
1401 1089 3384
1401 1181 1071
1401 1429 25304
1402 578 3206
1402 925 28745
1403 8 5812
1403 596 32742
1403 1231 23408
1403 1511 7844
1403 1732 17010
1404 277 29049
1404 850 26191
1404 1240 30884
1404 1900 10301
1405 365 29130
1405 1506 16371
1405 1766 30765
1406 1109 20968
1406 1244 420
1407 681 20653
1407 1410 2106
1408 634 29202
1408 956 13910
1409 155 18463
1409 347 32660
1409 1002 17048
1409 1435 5609
1409 1868 671
1410 429 29754
1410 853 1610
1410 991 10494
1410 1629 31805
1411 61 28075
1412 1331 1835
1412 1506 18099
1412 1912 19544
1413 460 26513
1413 1524 17028
1414 280 20598
1414 632 14385
1414 848 13327
1414 909 2478
1414 1244 29800
1414 1633 26748
1414 1810 24019
1415 119 3498
1415 185 32345
1415 388 7008
1415 894 2137
1415 1580 25096
1415 1686 22863
1416 263 5500
1416 588 7095
1416 921 9683
1416 928 25359
1417 606 7622
1418 349 3749
1418 663 3883
1418 1241 20517
1419 348 14856
1419 363 25439
1419 684 21618
1419 1343 18434
1419 1421 10454
1420 463 22216
1420 1186 689
1420 1993 26551
1421 73 13558
1421 539 12814
1421 1077 11436
1421 1882 18748
1421 1908 17679
1422 850 22018
1422 1295 17701
1423 114 6690
1423 173 31441
1423 280 16100
1423 659 3795
1423 743 14378
1423 1051 32080
1424 876 20480
1424 1479 12346
1425 606 32655
1425 1178 12737
1425 1534 4820
1425 1830 26199
1426 229 1288
1426 421 28614
1426 444 849
1427 143 4284
1427 739 14213
1427 1116 9064
1427 1304 5214
1427 1616 20072
1427 1727 10533
1427 1920 1402
1428 345 4109
1428 675 25779
1428 948 19042
1428 1098 2418
1428 1334 16866
1428 1585 21501
1429 206 17056
1429 334 5363
1429 418 24104
1429 464 11118
1430 112 1764
1430 234 14256
1430 411 23609
1430 1867 10424
1430 2007 21399
1431 731 29588
1431 1924 30872
1431 1981 5227
1432 274 3764
1432 685 29251
1432 829 24088
1432 1267 1792
1433 1831 11575
1434 630 595
1434 677 6156
1434 2030 11797
1436 404 20500
1436 480 28062
1436 710 19677
1436 712 2729
1436 832 554
1436 1561 27759
1436 1769 9505
1436 1889 6547
1436 2008 18962
1437 389 5358
1437 619 22599
1437 747 7817
1437 1972 10759
1438 770 26592
1438 1407 24525
1438 1692 19829
1439 445 7993
1439 461 26942
1439 687 10650
1439 874 6467
1439 1551 26205
1440 405 6780
1440 1765 31117
1441 386 16258
1441 1350 27222
1441 1493 3681
1442 212 30131
1442 604 18465
1442 623 16462
1442 979 31251
1442 1749 377
1442 1904 20855
1443 1773 16880
1444 1182 6896
1445 504 7422
1445 1622 22452
1446 733 20626
1446 871 15508
1446 1424 25420
1446 1815 226
1447 10 25914
1447 375 7075
1447 446 29877
1448 366 1384
1448 643 4347
1448 1891 26006
1449 1535 27311
1450 1226 12473
1451 222 4906
1451 425 25806
1451 482 3136
1451 644 27548
1451 910 16582
1451 1012 28573
1451 1247 13341
1451 1382 5555
1451 1452 6768
1452 476 23806
1452 1691 15464
1453 1444 31758
1454 37 30726
1454 741 12491
1454 918 22166
1454 1779 6493
1454 1984 21817
1455 772 5182
1455 1725 22086
1456 323 10286
1456 936 29727
1456 1853 12044
1457 712 22897
1457 1316 21270
1457 1526 10686
1457 1681 31102
1458 196 27967
1458 1421 15487
1459 536 27670
1459 826 32656
1459 1120 8518
1460 150 28856
1460 979 5406
1460 1433 20317
1461 1498 2119
1461 1552 9109
1461 1661 11362
1462 910 16602
1462 1566 14900
1463 877 18688
1463 901 25032
1463 1965 26136
1464 141 20288
1464 410 7380
1464 575 14875
1465 451 9241
1465 968 17644
1465 1586 16373
1465 1982 32227
1466 1366 4857
1466 1994 25501
1467 359 828
1467 1076 11847
1468 67 25987
1468 143 15063
1468 1744 8446
1469 1256 18972
1469 1291 11690
1469 1583 23405
1469 1642 25187
1469 1998 30712
1470 1024 4503
1470 1914 6336
1471 450 17392
1471 513 29925
1471 1177 21994
1471 1272 32249
1471 1560 30533
1472 323 14924
1472 1896 18561
1473 1210 639
1473 1451 25290
1473 1469 67
1474 601 4454
1474 1505 2374
1474 1560 1875
1474 1749 6649
1475 535 26245
1475 605 22833
1475 767 13364
1475 906 30086
1475 1073 21151
1476 723 6668
1476 802 20920
1476 1111 2527
1476 1281 32488
1477 860 32429
1477 964 2777
1477 1022 11261
1477 1649 20486
1477 1728 5380
1477 2032 3046
1478 383 3340
1478 633 9195
1478 789 31643
1478 1472 6518
1479 1126 24291
1480 230 143
1480 571 29533
1480 617 32153
1480 1632 17633
1481 1455 27014
1481 1926 12031
1482 477 21048
1482 1034 10147
1482 1492 26869
1483 437 23217
1483 1332 20399
1484 600 32431
1484 743 32622
1484 1163 22765
1485 1158 21229
1485 1250 26859
1485 1618 25131
1485 1819 23572
1486 657 7961
1486 870 23191
1486 1461 28227
1487 398 31055
1487 896 3649
1488 314 4579
1489 236 13598
1489 1698 7154
1490 50 23304
1490 442 3460
1490 1602 9915
1490 1787 4873
1490 1910 30589
1491 298 885
1491 850 28595
1491 1250 10590
1492 600 30454
1492 659 17241
1492 870 16996
1492 1770 13184
1492 1948 24834
1492 1983 15490
1493 971 14547
1493 1572 11100
1494 81 30219
1494 932 21297
1494 1170 4665
1496 199 11073
1496 275 4915
1496 430 28508
1496 1890 13824
1497 394 26194
1497 863 9645
1497 972 20152
1498 241 5830
1498 1792 24788
1498 1923 9652
1499 32 5569
1499 61 27928
1499 936 270
1499 1090 28648
1499 1544 30985
1500 668 9919
1500 1027 31197
1500 1727 29746
1500 1822 4162
1501 58 21584
1501 1942 26970
1502 210 25238
1502 1058 16865
1502 1681 1765
1502 1816 19176
1503 553 14464
1503 1111 10085
1503 1306 7084
1504 255 27149
1504 921 4980
1504 1061 7799
1504 1556 1551
1505 78 6660
1505 207 13094
1505 305 29113
1505 320 6674
1505 1310 7799
1506 1455 17382
1507 694 18686
1507 1235 14448
1508 107 17754
1508 156 20705
1508 501 7936
1508 573 19824
1508 693 24993
1508 923 21826
1509 956 11894
1509 1762 5614
1510 337 30744
1510 995 17948
1510 1254 28455
1510 1324 17461
1510 1418 22443
1510 1752 6143
1511 214 9164
1511 316 20349
1511 814 18137
1511 1897 27004
1512 576 7744
1512 620 3061
1512 705 30161
1512 1205 1724
1513 475 23460
1513 1797 28602
1514 333 14258
1514 679 22302
1514 951 13227
1514 1222 20518
1514 1333 21479
1514 1851 22077
1515 168 10874
1515 649 24729
1515 684 5599
1515 731 20247
1515 1796 22073
1515 1905 26108
1516 645 16783
1516 675 4945
1516 796 1717
1516 1054 29619
1516 2005 24138
1517 176 30213
1517 513 24813
1517 767 17349
1517 821 22065
1517 1180 28807
1517 1628 19057
1518 1035 20499
1519 375 31971
1519 494 674
1520 1056 20092
1520 1645 4293
1520 2020 12794
1522 463 25729
1522 761 13111
1522 799 19771
1522 1113 15679
1522 1276 8254
1522 1471 30127
1523 34 12425
1523 336 20417
1523 554 12662
1523 859 17274
1523 1076 11853
1523 1845 7305
1524 359 15062
1524 412 20081
1524 862 10321
1524 1097 27667
1524 1953 31744
1525 71 15008
1525 242 10457
1525 269 23042
1525 526 30466
1525 644 3662
1525 1652 21960
1526 413 25973
1526 693 780
1526 837 2268
1526 1182 20817
1526 1496 12932
1526 1520 10425
1527 37 20458
1527 527 81
1527 747 28072
1527 987 22144
1527 1006 13112
1527 2027 25727
1528 246 22307
1529 509 13313
1529 525 4600
1529 1452 3157
1530 370 31945
1530 876 4635
1530 1300 207
1530 1310 28817
1531 1015 20883
1533 544 4087
1533 1317 6923
1533 1697 2050
1533 1977 1053
1534 325 17945
1534 1096 639
1534 1877 971
1535 1509 26739
1536 159 3223
1536 439 23179
1536 691 8034
1536 1752 28318
1538 237 8103
1538 1442 24896
1539 27 7288
1539 445 24278
1539 588 11375
1539 776 1546
1540 621 3588
1540 938 3519
1541 193 19416
1541 226 31332
1541 478 14872
1541 711 17730
1541 1045 5602
1541 1369 25024
1541 1610 27944
1541 1722 17141
1541 1837 31190
1543 60 30785
1543 243 24226
1543 610 19634
1543 767 11299
1543 1061 19311
1544 646 20725
1544 949 21544
1544 1714 15878
1544 1761 12777
1544 1993 17998
1545 287 14176
1545 366 22993
1545 543 10780
1545 1234 23205
1545 1922 25197
1545 1976 27846
1546 24 12943
1546 604 5177
1546 1265 23561
1547 279 4083
1547 1423 10683
1547 1638 4361
1548 1164 8687
1548 1454 22255
1548 1504 17189
1548 1782 27250
1549 37 16791
1549 597 17987
1549 888 11867
1549 1808 25911
1550 553 22897
1551 34 5015
1551 895 32017
1552 1052 134
1552 2022 2047
1553 824 14810
1553 1579 16025
1553 1966 22851
1554 933 14013
1555 537 16132
1556 674 28159
1556 1623 27521
1556 2026 22992
1557 118 8002
1557 427 16753
1558 204 7163
1558 291 24540
1558 551 3381
1558 803 23992
1558 897 480
1559 129 8284
1559 435 9125
1559 613 29689
1559 814 3512
1559 982 14671
1559 1199 27226
1560 1235 4667
1560 1497 32634
1560 1638 30536
1561 257 15454
1561 565 24253
1561 582 7854
1561 1258 9189
1561 1607 28370
1561 1875 27995
1562 499 2809
1562 718 30748
1562 1040 20872
1562 1824 23874
1563 1477 27039
1563 1987 23040
1564 406 29762
1564 548 9092
1564 859 24418
1564 1092 12767
1565 302 18624
1565 1258 10065
1565 1961 971
1567 447 14491
1567 471 14388
1567 558 14704
1567 1844 5539
1568 419 13817
1568 778 11885
1568 986 15291
1568 1505 25333
1569 88 14578
1569 152 12733
1569 202 12033
1569 610 14699
1569 1054 18142
1569 1172 11845
1570 481 18499
1571 593 4523
1571 824 1969
1571 892 30454
1571 1162 2673
1571 1877 9187
1572 388 22652
1572 791 17269
1572 1178 13302
1572 1347 28679
1572 1496 219
1572 1557 18571
1572 1675 6016
1573 535 20791
1573 1333 1353
1573 1974 28790
1574 282 25475
1574 431 17931
1574 1291 16211
1574 2010 3006
1575 910 6727
1575 973 14093
1575 1645 18721
1575 1838 6719
1576 1944 14798
1576 1981 22409
1577 1713 21154
1577 1790 23656
1578 474 17232
1578 1098 11298
1578 1716 5504
1578 1942 28052
1579 22 18064
1579 663 2657
1579 1189 10148
1579 1465 23429
1580 34 21238
1580 580 4610
1580 1233 80
1580 1519 6380
1581 144 22635
1581 1089 6445
1581 1652 16701
1582 88 32258
1582 765 11315
1582 1686 27908
1582 1998 13197
1583 61 20728
1583 300 19898
1583 760 25768
1583 1000 20324
1583 2006 12406
1584 509 2226
1584 742 28112
1584 1376 13203
1584 1898 28926
1585 430 25501
1585 435 7711
1585 753 12055
1585 981 28009
1585 1163 16920
1586 423 20159
1586 600 14202
1586 1990 24316
1587 657 27204
1587 1109 9492
1587 1222 18079
1587 1359 29325
1587 1553 23720
1588 504 15810
1588 702 24654
1588 1277 27047
1588 1287 22580
1588 1952 18307
1589 517 18934
1589 1336 23474
1590 632 25155
1590 1557 2265
1591 1023 16994
1591 1721 13012
1592 315 21616
1592 1389 5896
1592 1533 26824
1592 1960 4955
1593 9 20469
1594 931 3960
1594 1233 24571
1594 1512 26415
1594 2033 14926
1595 169 1546
1595 560 2166
1595 792 17288
1596 123 22899
1596 603 17217
1596 1159 11771
1597 983 4986
1597 1353 22830
1597 1687 10141
1597 1733 28460
1598 264 20782
1598 291 30186
1598 1292 14344
1598 1431 21100
1599 1219 16588
1599 1972 8837
1600 966 8421
1600 1878 17187
1601 71 27829
1601 496 31052
1601 618 9382
1601 1854 11205
1602 42 5318
1602 686 12609
1602 869 19782
1602 1422 13385
1602 1492 13625
1602 1772 3015
1603 1430 16189
1604 161 11943
1604 361 22207
1604 898 21231
1604 986 13487
1604 1452 18279
1605 1304 22675
1606 1818 4111
1606 2014 31672
1607 161 14279
1607 216 15095
1607 240 21345
1607 1110 25754
1607 1529 29784
1607 1756 16993
1608 244 1104
1608 373 18878
1608 730 20571
1608 1112 6557
1608 1191 2644
1608 1919 8108
1609 470 11664
1609 897 4587
1610 401 4892
1610 1335 28852
1610 1636 11780
1610 1979 12423
1611 402 23722
1611 478 12124
1611 690 26137
1611 704 14893
1611 1140 8997
1611 1142 10157
1611 1206 2669
1611 1506 16684
1612 1059 30211
1612 1266 27621
1612 1789 13111
1613 62 24184
1613 783 26047
1613 1079 32715
1613 1554 28706
1614 1072 20113
1614 1630 28060
1615 190 6417
1615 846 18624
1615 1165 20386
1616 676 18513
1616 741 5847
1616 816 18901
1616 1259 29983
1616 1718 23267
1616 1939 29348
1616 1986 2852
1617 851 2706
1617 888 2570
1617 1495 14906
1618 699 28072
1618 799 2623
1618 838 17452
1618 1058 11440
1618 1242 30281
1618 1896 4099
1619 415 27367
1619 1362 27031
1619 1606 32416
1619 1780 2247
1619 1898 17233
1620 289 3169
1620 863 26078
1620 2008 13761
1621 164 11270
1621 780 5044
1621 1219 4603
1621 1856 17062
1622 246 29047
1622 265 27111
1622 1272 17248
1622 2035 490
1623 279 7208
1623 523 31559
1623 1255 8531
1623 1714 25427
1623 1748 6906
1624 418 25355
1624 1096 16444
1624 1326 19488
1624 1407 28323
1624 1634 14376
1624 1949 16788
1625 405 4064
1625 1501 13425
1625 1695 14859
1625 2033 14440
1626 1215 15054
1626 2012 7437
1627 254 22859
1627 630 27811
1627 747 16353
1628 30 4277
1628 244 26370
1628 1374 30923
1629 694 4378
1629 1250 16288
1630 395 29439
1630 539 7267
1630 989 28831
1630 1598 20065
1630 1885 30917
1631 644 25142
1631 1117 4934
1631 1376 9110
1631 1529 27498
1632 982 29484
1633 87 10106
1634 197 9899
1634 437 1240
1634 560 14207
1634 1572 21660
1634 1982 4110
1635 158 7226
1635 655 14983
1635 1356 13312
1636 896 30755
1636 1252 9125
1637 1067 25884
1637 1325 19569
1637 1944 22284
1638 1329 2034
1638 1358 11355
1638 1422 15729
1638 1829 20221
1639 76 3965
1639 445 32168
1639 552 18529
1639 688 8845
1639 1400 12512
1639 1812 22779
1639 1966 16025
1640 138 26922
1640 349 12193
1640 1056 23997
1641 1584 6724
1642 171 7494
1642 813 19682
1642 864 11022
1642 1574 5580
1643 135 30829
1643 1674 19228
1644 721 18151
1644 1332 13952
1645 707 32668
1645 1791 4765
1646 450 24597
1646 518 31829
1647 121 7903
1647 795 15877
1647 1443 8306
1647 1656 14578
1647 1732 28089
1647 1889 23986
1649 2031 15823
1650 40 21345
1650 55 23968
1650 99 14824
1650 422 16442
1650 860 20669
1650 1521 22678
1651 992 6604
1651 1220 18683
1651 1239 11420
1651 1573 15007
1651 1878 19773
1652 100 32422
1652 166 4910
1652 401 8602
1652 574 788
1652 1722 17709
1652 1758 1212
1653 677 18243
1653 879 3823
1654 343 8575
1655 1229 7569
1656 670 7541
1656 732 28510
1656 1009 32671
1656 1323 6089
1657 21 16591
1657 54 29323
1657 1787 32247
1658 214 15863
1658 656 28110
1658 920 2209
1658 1534 31048
1658 1869 20775
1659 1109 27239
1659 1452 7078
1659 1578 408
1660 509 3007
1660 728 19373
1660 1662 14205
1661 168 9169
1661 683 26355
1661 971 16321
1661 1649 11018
1661 1767 32058
1662 1871 25563
1663 55 29158
1663 665 32699
1663 879 11614
1663 975 20608
1663 1389 636
1664 91 27713
1664 393 1250
1664 1527 23907
1664 1692 16051
1664 1740 21053
1664 1931 5455
1665 176 15454
1665 1212 20666
1665 1357 21239
1665 1469 15296
1665 1846 9682
1667 580 5443
1667 727 24833
1667 1346 32689
1667 1501 30703
1667 1571 1342
1667 1620 2478
1667 2008 22556
1668 12 5494
1668 807 18784
1668 1744 6493
1669 1015 4325
1669 1386 27651
1669 1878 20272
1670 300 21638
1670 372 10610
1670 1330 32205
1670 1485 22170
1670 1999 17094
1672 254 28704
1672 721 26985
1672 749 22604
1672 896 20392
1672 1563 21901
1673 2 24875
1673 719 17549
1673 1027 26477
1673 1976 16456
1674 142 14831
1674 1100 26942
1674 1525 20544
1674 1771 28968
1675 150 10220
1675 782 5057
1675 1883 3012
1676 234 6916
1676 348 2442
1676 1063 4822
1677 1687 5520
1678 1370 29391
1678 1563 5832
1678 1861 18009
1679 383 18537
1679 797 14334
1679 1097 317
1679 1809 29391
1679 1947 20571
1680 439 23387
1680 539 3969
1680 1271 21129
1681 1698 1425
1681 1730 15692
1684 961 4456
1684 1669 16167
1685 223 2505
1685 311 29665
1686 242 31790
1686 2033 22373
1687 207 20993
1687 827 5456
1687 860 11958
1687 1682 31977
1687 1963 24889
1688 377 6263
1688 747 14248
1688 1026 19879
1688 1072 12365
1689 111 2909
1689 239 19794
1689 819 25015
1689 1240 1090
1689 1748 26626
1690 322 24837
1690 349 118
1691 142 11277
1691 170 14718
1691 180 7876
1691 642 26546
1691 965 7954
1692 129 6937
1692 1075 14729
1693 1507 1332
1693 1839 10210
1694 101 5736
1694 1413 2442
1694 1667 6056
1695 760 30582
1695 783 28105
1695 1495 13951
1695 1724 16160
1696 669 18106
1696 678 24240
1696 1194 2727
1696 1963 15274
1697 357 16608
1697 440 8795
1697 1011 29541
1697 1265 5276
1697 1889 12907
1698 306 17373
1698 686 697
1698 1090 29022
1699 723 3066
1699 1249 19386
1700 105 19103
1700 147 24916
1700 1828 9956
1701 1080 3851
1701 1543 23563
1702 154 8707
1702 1379 8474
1702 1417 30373
1702 1978 13429
1703 253 5482
1703 1644 458
1703 1752 17937
1704 1683 32307
1705 1061 20030
1706 211 14755
1706 452 25896
1706 1166 11971
1706 1409 11005
1707 1514 28964
1708 224 28127
1708 852 32642
1708 1064 25877
1708 1943 27349
1709 552 24224
1709 1364 28200
1709 1838 21724
1710 502 6565
1710 2018 13028
1711 1471 19640
1712 194 21872
1712 554 20306
1712 1312 22148
1712 1608 5380
1712 2046 1161
1713 1071 31046
1713 1356 2431
1713 1768 18849
1714 734 1050
1714 1142 7276
1715 1049 1683
1716 1848 7354
1717 125 31067
1717 662 2745
1717 1222 30112
1717 1623 20148
1718 33 1643
1718 1253 23624
1718 1514 30284
1719 354 7075
1719 1352 12169
1719 1381 26901
1720 836 22395
1720 1017 31801
1720 1445 20881
1720 1693 30127
1721 175 29756
1721 536 2042
1721 913 16255
1721 1137 9529
1721 1462 19898
1722 122 2050
1722 1021 16635
1722 1577 1039
1723 149 28352
1723 1094 22906
1723 1634 18288
1724 1321 21982
1725 552 15590
1725 1012 5874
1726 87 13749
1726 188 19422
1726 370 25237
1726 389 10086
1726 1799 32179
1726 1868 19028
1726 1917 18167
1727 754 31149
1727 1905 30352
1727 1942 32324
1728 1900 5802
1729 665 879
1729 935 30110
1729 951 28014
1729 1042 24679
1730 246 27391
1730 478 18824
1731 1138 17016
1731 1954 29014
1732 159 392
1732 315 26998
1732 422 24235
1732 598 13573
1732 726 29183
1732 1624 4325
1733 903 16013
1734 694 19978
1734 1001 5908
1735 41 2792
1735 320 15339
1735 868 3973
1735 957 20706
1735 1036 15384
1735 1291 24624
1736 658 934
1736 1076 21703
1736 1402 10725
1736 1781 27526
1737 151 24
1737 372 29642
1737 678 2683
1737 964 3923
1737 1295 18384
1737 1844 12941
1737 1968 8365
1738 1321 382
1738 1328 31094
1738 1424 25212
1739 270 29360
1739 343 5774
1739 457 11191
1739 520 325
1739 843 3715
1739 1469 9832
1739 1612 21846
1740 290 4608
1740 374 11175
1740 1850 14733
1741 1338 7175
1742 351 27041
1742 696 31939
1742 711 11397
1742 1300 9065
1742 1305 32413
1742 1827 22716
1744 950 8105
1745 1282 19548
1745 1868 8689
1745 1891 32231
1745 1912 28441
1745 1936 14944
1746 408 7505
1746 1374 6227
1746 1767 31236
1746 1836 17827
1746 1977 30472
1747 45 28759
1747 313 13935
1747 1374 19202
1748 781 3066
1749 1546 19644
1749 1675 19765
1749 1759 6911
1750 211 19335
1750 531 4735
1750 784 7851
1750 996 18858
1750 1027 18770
1750 1691 13808
1751 1538 16093
1752 638 13920
1752 856 22055
1752 1875 923
1753 31 22661
1753 570 31888
1753 1393 2274
1754 378 26596
1754 733 22534
1754 1505 9155
1754 1595 19560
1754 1663 6039
1754 2040 9572
1755 244 26234
1755 692 9349
1756 778 6346
1756 1226 16124
1756 1851 17451
1757 847 18152
1757 1671 2451
1758 294 15852
1758 382 6205
1758 1233 18644
1759 241 23563
1759 477 10190
1759 1351 17469
1761 131 26898
1761 142 5596
1761 591 18001
1761 670 3753
1761 1842 22210
1762 64 19862
1762 692 8176
1762 888 9549
1762 1331 2406
1762 2044 3406
1763 819 27059
1763 875 27519
1764 769 29104
1764 1186 11540
1765 55 17516
1765 669 29344
1765 1702 7433
1765 1782 17010
1766 1934 12117
1766 2022 14929
1767 1199 25315
1767 1849 5399
1768 679 23375
1768 754 7460
1768 841 17735
1769 1488 18997
1770 60 795
1770 1177 5135
1770 1306 22344
1770 1853 25027
1771 1140 14812
1771 1876 17710
1772 108 18456
1772 189 12196
1772 210 19896
1772 763 20307
1772 1523 19107
1772 2021 24189
1773 1119 25873
1774 657 22801
1774 951 18775
1774 1785 4779
1775 1974 19238
1776 1132 26079
1776 1407 23521
1776 1932 11374
1777 376 17093
1777 379 11676
1777 757 29617
1777 1358 18412
1778 280 26704
1778 1238 31833
1778 1853 15480
1779 92 9558
1779 162 27591
1779 582 9256
1779 651 8103
1779 1780 31753
1780 153 15001
1780 418 8492
1780 544 7030
1780 1801 23242
1781 705 8093
1781 1026 9495
1781 1124 14106
1782 734 24144
1782 745 18654
1783 1087 20374
1783 1751 22132
1784 162 3455
1784 487 24732
1785 35 4886
1785 423 21731
1785 559 22994
1785 602 7163
1785 707 8531
1785 1480 24710
1786 94 15162
1786 696 23543
1786 969 22587
1787 754 6176
1787 1262 5793
1787 1807 61
1787 1909 15112
1787 1965 12577
1787 1967 16924
1788 2 26659
1788 671 21334
1788 1217 3903
1788 1379 29370
1788 1701 15806
1788 1778 1728
1789 895 9150
1789 1543 8065
1790 1335 13453
1790 1521 11554
1790 1527 4745
1791 499 15155
1791 800 16518
1791 1530 15420
1791 1539 24188
1791 1914 4349
1792 674 1721
1793 1152 22122
1793 1848 31528
1793 1932 7090
1794 462 7098
1794 1581 26547
1795 1840 16120
1795 1903 15161
1797 453 7094
1797 982 7441
1797 1598 11319
1798 83 11704
1798 199 26229
1798 1583 19030
1798 1882 25886
1798 2017 7991
1799 431 26744
1799 621 14581
1800 425 20179
1800 1044 32016
1800 1495 25831
1801 253 3023
1801 310 1116
1801 464 14748
1801 941 8940
1801 1163 3805
1801 1280 21370
1801 2016 26911
1802 1404 31840
1802 1647 9844
1802 1870 12986
1803 1086 22687
1803 1214 25969
1803 1647 19711
1804 297 5903
1804 637 5222
1804 923 14848
1804 1531 27919
1804 1558 14775
1804 1961 10406
1805 240 15505
1805 1796 8609
1806 1018 19001
1806 1684 4508
1806 2025 17937
1807 95 30684
1807 528 29669
1807 1302 9999
1807 1992 8087
1808 468 24363
1808 527 28603
1808 736 18666
1808 772 16433
1808 1000 19074
1808 1625 4240
1809 458 16524
1809 575 3987
1809 1224 10475
1810 178 27902
1810 218 3548
1810 1085 5402
1810 1283 26990
1810 1869 29982
1811 148 5722
1811 938 28672
1811 1221 8230
1811 1792 24678
1812 532 10335
1813 1701 27975
1814 641 1071
1814 1424 17871
1815 15 13638
1815 1819 15959
1816 465 20469
1816 670 8698
1816 1127 13510
1816 1200 4490
1816 1568 26430
1816 1674 19128
1816 1950 19386
1816 1997 22325
1818 514 16931
1818 791 28686
1818 1431 21998
1819 303 10233
1819 570 6400
1819 1801 22740
1820 378 8358
1820 1463 18625
1821 458 4753
1821 754 8578
1821 1350 8696
1822 279 20009
1822 527 27121
1822 1274 27413
1822 1944 15991
1822 2036 26464
1823 863 19052
1824 747 200
1824 1132 28189
1825 142 19961
1825 627 8124
1825 1299 27322
1826 10 1546
1826 1152 6025
1827 1837 2227
1828 1443 5328
1828 1798 31776
1829 208 14163
1829 492 2147
1829 1608 22546
1830 797 10091
1830 857 10150
1830 1673 22621
1830 1874 693
1830 1884 4513
1831 531 21345
1831 963 30261
1832 112 10592
1832 1763 31790
1833 221 3298
1833 774 29048
1833 1615 21579
1833 1896 9323
1835 1838 22086
1836 8 90
1836 26 10971
1836 367 15860
1836 775 22830
1836 1383 2874
1837 349 32488
1837 486 3065
1837 790 24474
1837 1709 23395
1837 1776 9649
1838 1900 20800
1839 266 10866
1839 339 1276
1839 1949 20351
1840 753 8886
1840 780 31495
1840 1266 18110
1840 1814 3015
1841 301 27556
1841 1605 22207
1842 489 10730
1842 1403 32611
1843 566 3154
1843 696 4169
1843 841 22096
1843 883 18035
1843 1057 3226
1843 2036 21864
1845 562 28373
1845 866 13327
1845 1420 8156
1845 1750 1725
1845 2028 24345
1846 820 13126
1847 684 29537
1848 511 21554
1848 724 28027
1848 891 6919
1848 1413 17425
1849 237 30499
1849 683 2091
1849 769 13115
1849 850 10721
1849 1356 11682
1849 1396 16205
1849 1478 21882
1849 1500 7672
1850 1557 22654
1852 1318 9970
1852 1809 31406
1853 110 8097
1853 512 28388
1854 630 15907
1854 1235 28667
1854 1658 18703
1854 1878 25056
1855 10 4851
1855 83 1385
1855 557 25855
1855 969 25797
1855 1646 24899
1856 1015 29108
1856 1690 5614
1856 1720 12989
1857 1020 26794
1857 1771 32345
1858 781 24942
1858 1529 3165
1858 1666 5694
1859 894 10311
1859 1287 16273
1859 1986 3033
1860 60 24308
1860 583 725
1860 711 23665
1860 1172 11038
1861 2034 28992
1863 1477 4892
1863 1618 21540
1864 222 16066
1864 1436 27844
1864 2031 482
1865 169 2118
1865 866 1611
1865 1203 17756
1866 136 25638
1866 312 15138
1866 1381 31614
1866 1521 18900
1867 20 8417
1867 405 31352
1867 616 24824
1867 736 4151
1867 1254 3732
1868 599 15657
1868 1473 25264
1869 78 8482
1869 1113 31696
1869 1743 5277
1870 245 29874
1870 336 22581
1870 679 6106
1870 682 19537
1870 1966 11738
1871 133 10893
1871 1059 4181
1871 1545 2806
1872 1392 12139
1872 1981 29851
1873 647 6233
1873 1171 17847
1873 1244 20939
1873 1625 9485
1874 82 13718
1874 209 7252
1876 725 2174
1877 832 29209
1877 1131 20218
1877 1227 19826
1878 1803 31495
1879 45 16154
1879 257 29607
1879 423 8573
1879 919 22452
1879 1568 32237
1879 1812 28515
1880 258 2180
1880 1180 27149
1880 1514 24876
1881 723 9464
1881 748 12451
1882 1001 10396
1882 1023 7913
1882 1087 26310
1882 1486 15693
1883 136 14902
1883 1408 23365
1884 294 31074
1884 462 9576
1884 1159 26250
1884 1296 17268
1885 127 3519
1885 213 28236
1885 1204 3337
1886 67 9987
1886 366 3711
1886 576 3448
1886 638 26559
1886 994 30349
1886 1178 19644
1886 1305 8744
1887 1016 11970
1887 1280 19978
1888 640 364
1888 756 23838
1888 1063 5617
1889 219 4226
1889 560 19302
1889 787 2610
1889 1204 28499
1889 1269 582
1889 1306 20852
1889 1771 1926
1889 1874 134
1890 421 4758
1890 736 18152
1890 1098 3215
1890 1314 17940
1890 1780 21353
1891 41 1699
1891 207 4945
1891 375 28291
1891 826 29597
1891 1229 14155
1891 1608 21755
1892 159 6317
1892 183 24746
1892 483 9335
1892 1224 25046
1892 1737 8525
1893 1219 9800
1893 1744 25051
1894 233 19625
1894 896 20943
1894 1768 28935
1894 1852 9199
1895 1074 29060
1895 1104 22262
1895 1326 1715
1896 611 18492
1896 934 24231
1896 1090 17386
1896 1288 1016
1896 1355 10015
1896 1422 12404
1897 51 7685
1897 61 14568
1897 297 21016
1897 968 26544
1897 1721 21829
1899 634 19833
1899 1085 10218
1900 238 11515
1900 1982 5945
1901 967 30368
1901 1140 15601
1902 205 17021
1902 259 26189
1902 265 2574
1902 721 16686
1902 1635 2223
1903 1196 25655
1904 874 15495
1904 1193 32148
1904 1984 24182
1905 1435 27984
1905 1636 9656
1905 1980 31770
1906 101 2779
1906 887 17239
1906 1095 2482
1906 1826 4188
1907 80 31516
1907 1686 5256
1908 304 22399
1909 330 5912
1909 488 3053
1909 605 4414
1909 829 23575
1909 1543 1580
1910 565 32754
1911 141 17892
1911 1536 3314
1912 371 7542
1912 711 2537
1912 1324 13880
1913 812 25614
1914 1 26941
1914 332 17025
1914 373 9989
1914 723 8013
1914 817 3289
1914 870 30195
1914 1438 26646
1914 1897 3858
1915 456 21762
1915 496 22550
1915 1876 3128
1916 763 236
1917 874 11548
1918 229 26614
1918 552 20256
1918 1371 21690
1918 1505 7203
1919 243 24364
1919 625 13451
1919 1174 10730
1919 2042 26410
1920 341 27096
1920 778 17976
1921 250 7249
1921 339 27548
1921 380 13846
1921 1120 14480
1921 1611 15841
1921 1754 13281
1922 1895 23748
1923 281 7
1923 352 24344
1923 1120 104
1923 1380 3895
1923 1583 21608
1923 1806 7204
1923 1882 5336
1924 266 20228
1924 1778 18122
1925 1043 11498
1925 1833 20752
1925 1879 12381
1926 148 30326
1926 596 12083
1926 706 31567
1926 1316 32493
1926 1467 29378
1927 1106 6778
1927 1557 13416
1927 1930 32628
1928 427 20325
1928 1081 28791
1928 1142 25312
1929 115 25651
1929 245 20893
1929 268 24001
1929 269 18835
1929 451 14353
1930 794 10773
1931 638 16836
1931 919 25751
1931 1236 30532
1931 1708 19583
1931 1770 21317
1932 241 24459
1932 1566 2389
1932 1990 12628
1933 32 24857
1933 1275 26967
1933 1782 442
1935 246 12160
1935 427 13940
1935 980 13624
1935 1622 30007
1935 1902 20007
1936 298 16556
1936 662 18488
1936 735 22094
1936 1175 1581
1937 531 23506
1937 1247 8635
1937 1919 4906
1938 204 18768
1938 1254 14751
1938 1934 1877
1939 469 23137
1939 1266 10665
1939 1804 16252
1940 33 23647
1940 100 15985
1940 413 29960
1940 804 8056
1940 891 10730
1940 1159 4841
1940 1436 14205
1941 1201 14159
1941 1552 5130
1941 1796 21653
1942 984 11573
1942 1898 6829
1943 159 16186
1943 937 1791
1945 803 6746
1945 1562 14207
1945 1779 31529
1945 1824 7492
1945 2033 22902
1946 122 31370
1946 1966 21956
1947 875 7622
1947 1371 23063
1948 12 20369
1948 700 1967
1948 1023 15181
1949 215 12117
1949 1390 21597
1949 1458 19542
1949 1570 7368
1950 124 19807
1950 614 28003
1950 1196 27710
1951 709 2720
1952 294 30168
1952 1592 8713
1953 956 10485
1953 1375 15268
1953 1865 25654
1954 1778 303
1955 295 27434
1955 1122 12964
1956 296 28441
1956 1148 12749
1956 1882 2526
1957 293 28700
1957 908 26466
1958 722 26224
1958 1056 19003
1958 1230 5770
1958 1926 22415
1959 435 27800
1959 1291 11216
1959 1672 18284
1959 1794 24166
1960 1372 21765
1960 1881 27017
1961 707 22763
1961 945 4885
1961 1436 26903
1962 532 25050
1962 785 24582
1963 352 29509
1963 1481 9863
1964 190 16771
1964 427 22323
1964 497 18174
1964 790 26982
1964 1292 23732
1964 1924 9602
1964 2047 14588
1965 5 4224
1965 219 19
1965 918 4608
1965 1449 3205
1966 403 19447
1966 469 8492
1966 2040 6488
1967 377 19250
1967 903 20873
1968 307 21653
1968 816 11541
1968 1265 25187
1968 1429 24387
1968 1612 22592
1969 1260 19124
1969 1283 1054
1970 1823 21134
1971 52 13137
1971 515 12540
1973 575 12565
1973 816 11519
1973 1003 20871
1973 1240 4175
1973 1817 12505
1974 537 30491
1975 850 7173
1976 1068 13337
1976 1965 31518
1977 235 27400
1977 1551 11695
1977 1680 2086
1978 1092 5558
1978 1125 26626
1979 286 4474
1979 481 7585
1979 1688 1383
1979 1933 29962
1980 192 31625
1980 277 3695
1980 284 23985
1980 611 23440
1980 1503 28086
1980 1932 7202
1980 2019 10325
1981 176 12475
1981 494 27463
1981 1549 9292
1982 1205 29202
1982 1301 23958
1982 1631 7502
1983 252 8984
1983 319 2087
1983 507 26662
1983 1256 3836
1983 1756 16359
1984 343 18867
1984 722 8824
1984 829 3408
1984 1942 22106
1985 1437 23633
1985 1646 21558
1986 938 21791
1986 940 25305
1986 1854 32751
1987 548 18018
1987 566 13086
1988 64 13472
1988 1610 23469
1988 1826 2416
1988 1896 25478
1989 92 4587
1989 200 14524
1989 1129 19723
1989 1360 6651
1989 1542 126
1989 1661 9396
1990 513 18835
1990 1436 12
1990 1557 23860
1990 1962 15889
1991 547 30095
1991 1321 30331
1991 1362 25846
1991 1847 1284
1992 1139 20076
1993 442 4522
1994 77 5358
1994 1060 669
1994 1083 16583
1994 2030 31810
1995 314 20521
1995 937 9473
1996 263 28412
1996 870 22059
1996 1019 11009
1996 1409 24080
1997 1428 3237
1999 948 18839
2000 972 17783
2001 798 18694
2001 845 6051
2001 926 26664
2001 958 30108
2001 1463 24465
2001 1693 25345
2002 1283 12041
2002 1983 11615
2003 902 27628
2003 1094 26928
2003 1121 16590
2004 97 27029
2004 179 23183
2004 252 3524
2004 547 12988
2004 844 1499
2004 1675 3504
2005 89 19227
2005 817 26643
2005 1589 14322
2006 223 26219
2006 912 22474
2006 1551 14142
2007 161 9804
2007 884 29068
2008 1754 18937
2008 1873 29076
2009 445 9925
2009 455 5497
2009 1284 24420
2009 1938 974
2010 341 19109
2010 965 17684
2010 1347 13661
2010 1419 26218
2011 1741 9489
2012 1503 31807
2014 1011 17264
2014 1334 15997
2014 1361 22045
2016 890 1978
2016 1826 22162
2017 1564 31636
2018 810 25261
2018 1444 11503
2018 1917 30106
2019 969 2616
2019 1342 8419
2019 1871 28029
2020 347 4799
2020 907 12019
2020 1446 26575
2020 1681 20495
2021 1532 29529
2022 571 14790
2022 1275 31713
2022 1326 26621
2022 1930 14966
2023 210 3373
2023 434 17638
2023 1966 22186
2025 284 27356
2025 1328 19803
2026 1237 14684
2027 282 14177
2027 627 18970
2027 712 15740
2027 786 2783
2027 850 17714
2027 942 6810
2028 78 20725
2028 222 21343
2028 921 1558
2028 958 21596
2028 990 26394
2029 272 15072
2029 744 27774
2029 1354 8283
2029 1622 24755
2029 1741 16010
2030 643 16543
2030 866 17377
2030 893 9350
2031 1729 28660
2031 1949 21678
2032 753 21151
2032 1814 15412
2032 1976 7768
2034 20 31945
2034 282 14702
2034 896 7435
2034 1436 26344
2034 1932 11722
2035 318 2806
2035 734 16401
2035 1103 18751
2035 1385 20348
2036 226 10973
2036 887 6381
2036 1389 7174
2036 1565 3077
2036 1883 2295
2037 59 22011
2037 328 30481
2037 957 9451
2037 1500 22700
2038 159 17990
2038 1750 643
2039 501 20155
2039 1796 31181
2040 146 27080
2040 1014 26728
2040 1219 26403
2040 1770 18027
2040 1863 5145
2040 1956 26767
2041 482 12300
2041 1248 3589
2042 1613 1234
2043 572 7047
2043 707 11874
2043 1638 9226
2043 1703 9688
2044 1145 20259
2044 1544 13239
2044 1659 21086
2044 1734 23154
2045 334 11800
2045 414 28828
2045 610 28873
2045 907 27371
2045 1717 13528
2046 475 7635
2047 13 5981
2047 14 27101
2047 667 7275
2047 707 24771
2047 773 4281
2047 1136 24874
2047 1461 25933
2047 1608 11869
