512 1299
0 21 24258
0 273 1449
0 316 3292
1 156 3742
1 217 1664
1 250 31703
2 36 27094
2 54 26308
2 337 7267
2 404 23573
3 15 27324
3 310 29958
3 318 9632
3 396 455
4 10 9210
4 239 5511
5 79 8645
6 47 28584
6 378 24163
7 33 12813
7 78 10202
7 246 5285
8 44 9381
8 84 17484
8 199 26568
8 282 29749
8 382 9171
8 399 5691
8 444 14720
9 204 26193
10 209 14446
10 321 2562
10 409 30454
11 305 14500
11 455 8270
11 477 3751
12 306 30865
14 489 32014
16 40 6573
16 414 11104
17 36 8834
17 311 23554
18 348 5655
19 172 31728
19 288 7438
19 465 18595
20 33 26511
20 137 31726
20 195 708
22 192 4370
22 198 19900
22 268 32133
22 375 3003
22 505 21765
23 489 22787
24 109 1315
24 197 6757
24 267 29285
24 506 10965
25 297 671
25 472 23931
27 331 2197
28 54 20767
28 117 16033
28 217 12518
28 284 8219
28 307 5197
28 405 29307
28 423 11365
29 87 3185
29 194 18248
29 326 24106
29 368 17858
29 487 127
30 440 17118
31 185 13633
32 265 12584
32 279 31457
32 456 13002
33 24 19629
33 238 31763
34 15 10549
34 316 28322
34 348 9378
34 357 8882
34 385 9690
35 72 16787
35 114 14423
35 169 17758
35 382 7803
36 118 12106
36 495 18863
37 237 17720
37 258 9192
37 394 30634
37 465 14998
38 34 21948
38 55 12216
38 142 31580
38 483 14314
39 175 13524
39 383 24655
39 464 25370
40 39 21440
41 371 24271
41 408 31931
41 491 22300
42 36 1161
42 197 13577
42 436 19701
43 41 24322
43 52 8786
43 165 1421
43 192 17263
43 452 3411
44 40 13929
44 289 24937
44 354 2429
44 388 31847
45 327 10776
46 278 15082
47 318 3599
48 137 32152
48 147 24336
48 473 12678
49 12 19326
49 258 26347
50 68 25477
50 333 14469
50 497 25352
51 162 28874
51 349 28655
52 197 26172
52 409 9401
53 114 32479
53 248 313
54 149 10959
54 254 11602
54 261 27491
54 286 22015
54 480 13101
55 456 15447
56 155 32760
56 203 1988
57 209 7650
57 285 20218
57 305 1403
57 511 20522
58 327 27923
58 495 25898
59 38 17859
59 210 11942
59 211 5003
59 224 3345
59 266 31581
60 113 9575
60 163 7959
60 194 7368
61 193 26481
61 236 26446
61 326 5308
61 479 24780
62 9 26659
62 141 13531
62 164 10960
62 360 25565
63 216 30515
63 442 15318
64 60 9908
64 378 14516
65 15 5928
65 214 15577
65 241 31539
65 320 8783
65 356 15941
66 79 7462
67 209 392
68 360 16006
69 223 29759
69 456 27522
69 502 32369
70 186 16452
72 266 21027
72 379 18946
72 442 30906
72 472 26278
74 266 13152
74 275 29722
74 339 8496
74 366 7227
75 27 5442
75 112 11538
75 126 25852
76 68 3169
76 386 4068
76 411 21481
77 96 28960
77 397 2421
78 54 20090
78 228 14430
78 499 12574
79 257 6944
80 446 14862
82 152 14900
83 160 13530
83 215 29111
84 229 5408
84 376 26312
84 416 22868
85 42 16696
85 82 28346
85 94 24287
85 494 32715
86 69 1842
87 77 12532
87 208 12974
87 276 12324
87 300 32034
88 82 15531
88 175 22952
88 427 8814
88 478 14994
89 53 9894
89 136 3122
89 235 20309
90 327 15393
90 339 20947
90 416 14485
90 421 25877
91 430 16658
91 457 21803
93 283 2695
94 171 32746
95 159 29301
95 391 4592
96 62 30256
97 296 24625
97 307 29097
98 81 17370
98 339 31222
98 365 19575
99 183 20619
99 263 6839
100 81 26335
100 278 12679
100 316 3481
101 167 9299
101 368 19127
101 397 9220
102 251 5891
103 263 13424
103 463 12008
104 179 27497
104 291 6573
104 351 25824
104 417 28063
105 144 26836
105 194 21957
105 271 19396
106 119 7798
106 127 18235
106 299 16353
108 113 5727
108 151 3728
108 255 22403
108 279 11413
108 420 32476
108 459 10578
109 98 2658
109 218 2142
109 401 31854
110 41 12141
110 143 11615
111 123 14238
111 169 17637
111 303 20118
111 306 25905
111 460 31452
112 117 21408
112 200 2563
112 229 29046
112 334 27309
113 276 20881
113 284 20142
114 374 18929
114 436 15709
116 504 24643
117 43 5160
117 249 2915
118 213 1856
118 292 20318
118 479 9205
119 144 29846
121 58 12722
121 348 13660
121 391 8721
122 6 9309
122 36 25446
122 107 14487
122 311 17141
123 279 13746
124 46 19106
124 110 32461
124 278 7615
124 329 26736
124 478 15231
125 210 14740
125 273 18557
125 294 32628
126 64 17316
126 138 32212
127 221 904
127 229 32387
127 508 2295
129 284 11760
129 471 25775
130 172 9153
130 323 22495
130 411 19083
130 504 6649
132 16 11944
132 181 2258
132 199 31166
132 207 13392
132 393 24671
132 411 6565
133 146 15788
133 178 9064
134 148 17075
134 500 17653
135 286 1822
135 337 29364
135 483 5166
136 10 13313
136 14 975
137 250 26810
137 456 26926
138 35 1637
138 328 11972
138 510 22113
139 79 24491
139 287 29920
140 70 13749
140 298 963
140 375 4599
140 394 14083
140 433 9554
140 469 2516
142 232 16851
142 335 30196
142 357 5042
142 432 17559
143 409 3834
143 511 30044
144 61 9423
144 329 23913
144 342 20619
145 264 16615
145 466 4190
146 95 12510
146 157 19932
146 208 32699
146 343 31715
146 363 29366
146 437 16751
147 55 22499
147 169 4276
148 274 6438
148 349 2962
148 434 16307
150 100 6217
150 490 1001
151 328 15418
151 358 71
151 465 11579
152 14 30596
154 459 7629
156 157 31119
156 212 10023
156 232 14699
156 434 26799
156 479 8520
157 154 25034
157 368 2278
158 190 9928
158 473 4228
159 98 26700
159 482 11166
160 8 6164
160 108 11071
160 197 27834
160 212 12854
161 156 25082
161 348 27795
161 360 15941
161 371 11955
162 174 11414
162 254 5415
162 387 25546
162 411 16720
162 418 11597
163 463 11062
164 198 30714
164 362 17351
164 432 20168
164 456 24989
165 220 2094
165 308 24104
165 412 6103
165 455 17543
166 168 9068
166 171 8453
166 239 3756
167 347 28596
168 44 31851
168 182 8397
168 271 26554
168 358 24304
169 102 15202
170 50 25732
170 200 730
170 205 32455
170 241 9064
171 149 29884
171 283 10989
171 350 10232
172 68 9107
172 251 29939
172 440 30101
173 91 12523
173 456 22881
175 101 12940
175 157 6758
175 209 25488
176 121 16762
176 145 5411
176 164 15911
176 215 19346
176 346 18052
176 429 1487
176 432 23738
177 16 11616
177 32 13648
177 33 28931
177 43 4941
177 234 7812
177 493 24230
178 409 8626
178 416 21192
178 506 24596
181 46 3951
181 353 15477
181 485 2849
182 457 21246
182 500 18002
184 104 12278
184 107 11048
184 131 109
184 137 27335
184 323 25591
185 24 25813
186 124 30015
186 259 11444
187 373 1363
187 494 9610
189 21 29980
189 155 12509
189 256 16406
190 15 29618
190 421 31988
190 437 30854
191 374 27138
192 30 12168
192 331 13099
194 249 26570
194 446 12951
195 421 25356
196 21 19873
196 85 23738
196 465 30334
197 81 4012
197 305 2865
197 500 21593
198 64 18733
198 118 11279
198 173 12303
198 207 19175
199 233 8496
199 344 18474
199 364 17795
200 6 21291
200 166 23077
201 346 10876
202 162 23802
203 77 15937
203 470 23348
204 333 25043
205 291 10872
205 473 18396
206 433 17634
207 292 20216
207 386 26235
208 280 27265
208 408 4867
209 166 30680
209 425 6324
210 10 3901
210 70 25397
210 152 7730
210 190 16415
210 282 19374
210 341 9469
211 325 14223
211 509 16258
212 232 1256
212 415 28025
212 443 31813
213 143 1494
213 498 32690
214 52 25082
214 350 31222
214 358 32317
214 383 5718
214 410 26103
214 453 28069
215 96 9573
215 410 11428
215 421 16967
216 104 30910
216 134 657
217 10 8659
218 63 20684
218 169 32632
218 412 28725
218 473 28596
219 350 17551
219 366 13542
220 113 28032
220 197 16793
220 228 16904
220 422 23914
220 463 9783
220 511 12095
221 210 31976
222 439 25353
222 443 17216
222 452 3874
223 276 29283
224 117 15727
224 166 23625
225 1 2770
225 140 21140
225 319 32341
225 411 8177
225 420 9873
225 468 22407
225 472 12282
228 155 3256
228 321 29904
229 73 6155
229 353 15124
229 403 26068
230 138 11796
230 173 15869
230 185 5022
230 232 13869
231 363 22029
231 390 2512
231 465 4312
231 472 26070
232 206 18084
232 461 13616
233 83 809
233 132 5225
234 128 21771
234 319 78
235 195 19509
235 481 19240
235 499 28762
236 326 29658
236 331 5164
237 77 27912
238 76 14783
238 377 23966
239 53 21977
239 159 19325
239 196 32466
239 423 32307
239 434 32646
240 212 12936
240 318 29948
240 346 8122
240 496 5394
242 311 27689
243 145 4469
243 309 5129
243 325 2009
243 376 31785
244 29 12859
244 100 3694
244 102 32146
244 350 7245
244 413 15636
245 44 6518
245 90 10041
245 127 2522
245 168 10513
245 304 26095
246 235 13340
246 252 14126
246 494 5772
247 481 19812
248 88 2237
248 107 32584
249 149 20535
249 218 4366
249 277 30478
249 379 1412
250 358 15880
250 490 9774
251 7 16633
251 45 31804
252 81 23192
252 94 349
252 245 796
252 268 22526
252 468 19084
252 486 4987
253 357 22358
254 60 4666
254 108 559
254 382 14472
254 416 14520
254 481 7268
255 51 12267
255 143 17895
255 395 18410
256 478 18322
257 293 20171
257 390 859
257 500 7606
258 200 9786
258 380 22172
258 422 11700
258 500 18071
259 53 7243
259 228 16290
259 348 25749
259 454 7318
259 493 4492
260 7 9960
260 67 24484
260 76 23269
260 167 5579
260 201 18865
260 228 353
260 450 3193
261 184 12101
262 217 9706
262 398 32765
263 59 9609
263 382 32006
264 235 5697
264 286 22280
265 365 21514
265 385 7517
265 415 8661
266 261 2223
266 487 1276
267 387 3979
268 1 31652
268 292 17099
269 373 20259
269 394 23158
270 462 28885
271 250 15493
271 267 31050
272 402 11726
273 58 6475
273 380 28849
273 493 5625
274 21 3672
274 495 10799
275 106 1647
275 170 19846
275 181 19521
275 333 18071
275 347 15791
275 372 20421
276 305 6863
277 254 11161
277 337 4349
278 22 24048
278 180 24844
278 375 15165
278 474 18081
279 95 264
279 353 23000
279 463 20802
280 379 8825
281 178 17786
281 211 7225
283 4 11855
283 353 7221
283 363 6708
283 378 12694
283 420 23105
284 351 24131
285 8 21075
286 327 26433
286 501 22151
287 75 23787
288 232 26458
288 329 11213
290 191 29552
290 235 11019
290 262 21341
290 332 28230
290 406 13470
290 457 26532
291 139 7532
291 175 26456
291 326 18481
293 193 28085
293 224 19422
293 352 5852
294 108 23430
294 207 27025
294 331 16137
295 30 3230
296 101 3946
296 114 13917
296 379 23480
297 260 434
298 258 3784
298 478 18762
299 19 7662
300 10 9605
300 345 10379
301 62 4884
301 64 2764
301 384 3304
302 31 32596
302 93 25862
302 266 12182
302 293 11320
302 357 19407
302 419 11785
303 5 2316
303 440 31566
303 502 19077
304 32 12983
304 136 26696
304 427 13933
305 227 32466
305 378 20649
305 468 15798
306 63 3344
306 174 5500
306 397 5030
306 456 8600
307 377 12959
307 449 22769
307 479 17566
308 262 24374
309 57 1095
309 266 7779
309 315 16922
310 453 18570
312 135 27377
313 279 4994
314 3 23087
314 471 12883
315 114 8184
315 204 1599
315 262 4481
316 48 13455
316 219 11698
316 240 5888
316 386 26861
316 493 763
317 295 571
317 506 24167
318 23 28683
318 62 19051
319 196 3971
319 226 1774
319 236 9783
319 321 2663
319 432 12714
320 129 20538
320 361 12631
321 37 3771
321 45 13155
321 157 12205
321 421 31966
321 474 30836
321 498 31602
322 114 17883
322 122 13806
323 156 16367
323 253 28648
323 265 7589
323 334 14525
323 449 1507
323 474 30288
323 492 25439
325 12 27884
326 25 7702
326 157 20556
326 374 1479
326 389 16005
326 501 9445
327 422 15805
327 509 2246
328 39 3984
328 408 26389
328 491 26190
329 77 18590
329 224 14259
329 460 25603
329 508 28317
330 143 437
330 163 32545
330 239 13086
331 133 3721
331 332 32454
332 431 15972
332 434 17077
333 500 6734
334 238 5432
334 286 22696
334 342 2839
335 352 21045
335 359 27497
336 143 5622
336 241 2603
336 326 17461
337 131 27635
337 421 20930
338 7 14053
338 100 7025
338 487 31577
339 63 5974
339 208 32384
339 248 23229
340 287 9650
340 347 22099
340 398 16361
341 336 2527
341 406 1509
342 11 29623
342 42 19772
342 242 28893
343 16 21039
343 71 17320
343 238 20834
343 317 17885
343 381 14443
343 394 15262
343 399 24018
344 455 29836
345 459 21104
347 21 15241
347 31 4445
347 404 17398
347 486 26347
349 268 17623
349 396 17587
350 180 7323
350 304 31444
351 265 28781
351 443 16411
353 316 3754
353 473 22360
353 474 24580
354 459 27174
355 158 32079
355 427 12909
355 477 28742
356 215 30632
357 164 3708
357 192 1305
357 203 20600
357 428 30979
357 440 30721
358 172 13922
358 298 30981
359 433 24368
360 60 23191
361 39 18387
361 159 23040
361 345 19469
362 38 25877
362 319 520
362 440 21961
362 467 31582
363 113 10024
363 309 16236
363 423 4136
364 4 6633
364 186 5046
364 307 12656
364 411 11216
364 475 31590
365 166 3781
365 381 24608
366 34 3914
366 333 19802
367 162 2682
367 352 4460
368 100 13922
369 143 3102
369 185 474
369 399 32492
370 211 22560
370 282 21757
370 405 19356
370 482 7800
371 9 31853
371 239 17952
371 381 18493
372 384 9660
372 479 7070
373 289 31702
373 364 22269
374 283 31615
374 453 9626
375 18 19495
375 191 16947
375 219 5182
376 56 7611
376 83 18107
376 187 29436
377 211 2809
377 228 24250
377 273 22703
377 411 32743
378 39 27806
378 137 9549
378 325 12239
379 107 29166
379 215 23636
379 227 10000
379 362 2174
379 428 7023
380 85 7209
380 129 17067
380 337 12609
381 72 31431
381 254 7955
381 273 25040
381 326 6570
384 167 23375
384 297 4058
385 84 486
385 170 18651
385 320 22194
385 402 8340
385 473 20631
386 165 27662
387 55 1660
387 203 12146
387 264 5062
387 444 29805
389 103 19536
390 61 3030
390 324 24109
391 46 27953
391 238 5220
391 272 415
391 317 26275
391 441 20840
392 269 7174
392 407 8823
393 19 13230
393 29 15331
393 247 21183
393 343 18183
394 166 10575
394 273 3920
394 456 11618
395 134 23947
395 380 6468
396 79 4895
396 114 28841
396 489 26384
397 75 8297
397 153 21513
397 468 10467
398 360 31056
399 178 24006
399 342 14553
399 487 31434
400 414 6763
400 458 14303
400 485 16133
401 85 30125
401 202 30839
401 203 3431
401 210 23127
401 366 2755
401 485 32360
402 128 7142
402 261 15352
403 22 7559
403 40 27648
403 339 5441
404 179 17754
404 196 31913
404 375 4109
404 418 31185
404 468 20886
404 474 16232
405 271 30171
405 414 2513
407 192 27421
407 226 20614
407 232 5971
408 290 27664
409 9 12221
409 85 13730
409 96 23917
409 457 13020
410 103 30931
410 170 15262
410 421 9543
411 269 8088
411 313 16532
411 406 28593
411 441 15876
411 466 10835
412 196 1449
412 489 19045
413 50 26590
413 51 12260
414 27 27949
414 307 12498
415 11 14847
415 462 21167
416 107 8553
417 58 20479
417 67 563
417 160 15114
417 464 5274
417 489 593
417 491 25310
418 198 20406
418 251 7673
419 304 10746
419 433 6795
420 275 20779
421 26 19571
421 29 5602
421 55 30068
421 65 27313
421 81 22200
421 256 6108
421 343 26420
421 492 3311
422 224 21237
423 233 18719
423 344 22289
424 64 28269
424 111 4712
424 183 16086
424 318 8505
424 482 27661
425 280 18965
426 136 21123
426 327 10614
426 380 16592
426 421 29720
427 134 6019
427 388 13930
427 481 18183
428 15 23718
428 39 7799
428 251 24232
428 304 25441
428 346 5267
428 368 16655
429 179 12177
429 420 19061
429 488 15556
430 327 1675
430 480 29182
432 17 31635
432 383 32041
432 405 17600
433 491 4093
434 63 22176
434 266 18565
435 248 19044
436 85 22318
436 253 25672
436 358 8382
436 496 1496
437 179 1242
437 194 17259
437 276 2207
438 280 22203
438 340 12371
438 383 26637
439 75 24881
439 408 29674
440 16 19208
440 248 572
440 511 26378
442 226 18422
442 292 9761
442 478 16899
443 62 26767
443 94 8760
443 182 5564
443 364 11060
443 455 9478
443 461 28581
445 315 30564
445 440 8464
446 439 5992
448 88 21947
448 139 362
448 303 24762
448 311 19580
449 273 31350
449 303 947
449 481 31933
449 509 19000
450 425 20428
451 73 21977
451 254 1187
451 320 3573
452 380 23276
453 457 10839
455 199 25932
455 284 16705
455 501 9493
455 510 4648
456 288 1436
456 429 7288
457 141 259
459 304 15783
460 44 32719
460 145 13969
460 245 18789
460 413 31259
460 509 19851
461 69 13508
461 229 687
461 280 32295
461 459 22090
462 16 19758
462 383 13881
462 387 24662
463 216 29958
463 231 28938
464 40 9292
464 51 7147
464 156 12169
464 192 24236
464 194 27418
464 226 12994
465 38 3503
465 232 29409
465 469 3834
466 26 15585
466 184 17458
466 236 166
466 357 32080
466 393 3766
467 282 16987
467 301 24875
469 6 8315
469 53 1648
469 100 20965
469 202 12160
470 258 8790
470 336 27557
470 398 32726
471 99 19709
471 375 31049
471 420 1241
471 452 7607
471 499 350
472 61 12940
472 159 6200
472 267 5242
472 493 681
472 494 12091
473 227 22814
474 81 23133
474 368 22125
474 441 13379
474 499 8115
475 70 19030
475 128 15139
475 287 30178
475 425 10268
476 368 26560
478 165 32565
478 391 14251
478 411 29948
478 485 3087
478 486 30711
478 495 4091
479 13 26479
479 57 1338
479 275 28940
479 376 1221
479 459 31115
479 472 9886
480 47 18193
480 51 16841
480 95 26228
480 137 11815
481 4 1638
481 23 24578
482 9 16460
482 171 2548
482 176 1795
483 23 16261
483 372 12018
483 481 14574
483 501 3748
484 266 13792
484 309 5069
484 395 12019
484 425 4909
485 10 22177
485 270 9906
486 175 8183
486 495 24307
487 125 20635
487 171 10564
487 187 21040
488 92 26584
488 346 3583
489 27 15562
489 231 1378
489 305 3479
490 180 30243
490 195 19127
490 314 7701
491 44 6918
491 116 32190
491 197 9563
491 202 8779
491 204 11111
491 233 32456
491 339 7068
491 471 11425
492 40 23158
492 77 3332
492 325 31780
492 481 1824
493 328 7322
493 466 29445
494 88 6329
494 309 7175
494 434 24395
495 84 19526
495 131 20019
495 391 24640
495 479 27224
495 486 22240
496 402 1130
497 0 13659
497 139 17374
497 171 20330
497 246 6899
497 266 22888
497 272 139
497 332 21233
498 253 6484
498 358 27708
498 381 25021
500 156 15700
500 163 3352
500 501 17176
502 2 31816
502 448 19927
504 71 2761
504 171 1535
505 144 6714
505 236 22214
505 349 13871
507 303 14055
507 420 5258
508 118 24982
508 165 6875
508 178 27606
508 224 14160
509 13 6264
509 47 21973
509 226 25047
510 380 1941
511 254 8448
511 352 30489
